C:\Users\andre\Desktop\Multi-Vehicle-DARP\.venv\Scripts\python.exe C:\Users\andre\Desktop\Multi-Vehicle-DARP\Models\PDPTW\Furtado\furtado.py 
num_clients: 10
num_companies: 2
num_vehicles: 1 with maximum capacity 15
Time horizon: 120 minutes
max_route_duration: 120 minutes
max_ride_time_client: 45 minutes
Source =  0 Sink =  21
vehicles =  [0]
All points =  [0, 1, 2, 3, 4, 5, 6, 7, 8, 9, 10, 11, 12, 13, 14, 15, 16, 17, 18, 19, 20, 21]
Points no depots =  [1, 2, 3, 4, 5, 6, 7, 8, 9, 10, 11, 12, 13, 14, 15, 16, 17, 18, 19, 20]
Pickup points =  [1, 2, 3, 4, 5, 6, 7, 8, 9, 10]
Delivery points =  [11, 12, 13, 14, 15, 16, 17, 18, 19, 20]
set1 =  [1, 2, 3, 4, 5, 6, 7, 8, 9, 10, 11, 12, 13, 14, 15, 16, 17, 18, 19, 20, 0]
set2 =  [1, 2, 3, 4, 5, 6, 7, 8, 9, 10, 11, 12, 13, 14, 15, 16, 17, 18, 19, 20, 21]
Association delivery vertex - companies:  {11: 11, 12: 11, 13: 11, 14: 11, 15: 11, 16: 12, 17: 12, 18: 12, 19: 12, 20: 12}
Distances [km]:
{(0, 21): 0, (21, 0): 0, (0, 0): 0, (0, 1): 4.7191, (21, 1): 4.7191, (1, 0): 4.1678, (1, 21): 4.1678, (0, 2): 4.496, (21, 2): 4.496, (2, 0): 4.8342, (2, 21): 4.8342, (0, 3): 4.7444, (21, 3): 4.7444, (3, 0): 4.1593, (3, 21): 4.1593, (0, 4): 3.7649, (21, 4): 3.7649, (4, 0): 3.7318, (4, 21): 3.7318, (0, 5): 3.2466, (21, 5): 3.2466, (5, 0): 3.3989, (5, 21): 3.3989, (0, 6): 2.5304, (21, 6): 2.5304, (6, 0): 2.5119, (6, 21): 2.5119, (0, 7): 3.7022, (21, 7): 3.7022, (7, 0): 3.6837, (7, 21): 3.6837, (0, 8): 3.5375, (21, 8): 3.5375, (8, 0): 3.5016, (8, 21): 3.5016, (0, 9): 2.8084, (21, 9): 2.8084, (9, 0): 2.7734, (9, 21): 2.7734, (0, 10): 3.1365, (21, 10): 3.1365, (10, 0): 3.1764, (10, 21): 3.1764, (0, 11): 2.3454, (21, 11): 2.3454, (11, 0): 2.8929, (11, 21): 2.8929, (0, 12): 2.3454, (21, 12): 2.3454, (12, 0): 2.8929, (12, 21): 2.8929, (0, 13): 2.3454, (21, 13): 2.3454, (13, 0): 2.8929, (13, 21): 2.8929, (0, 14): 2.3454, (21, 14): 2.3454, (14, 0): 2.8929, (14, 21): 2.8929, (0, 15): 2.3454, (21, 15): 2.3454, (15, 0): 2.8929, (15, 21): 2.8929, (0, 16): 4.6923, (21, 16): 4.6923, (16, 0): 5.9309, (16, 21): 5.9309, (0, 17): 4.6923, (21, 17): 4.6923, (17, 0): 5.9309, (17, 21): 5.9309, (0, 18): 4.6923, (21, 18): 4.6923, (18, 0): 5.9309, (18, 21): 5.9309, (0, 19): 4.6923, (21, 19): 4.6923, (19, 0): 5.9309, (19, 21): 5.9309, (0, 20): 4.6923, (21, 20): 4.6923, (20, 0): 5.9309, (20, 21): 5.9309, (1, 1): 0.0, (1, 2): 0.5681, (2, 1): 0.5322, (1, 3): 1.1257, (3, 1): 0.2046, (1, 4): 1.1485, (4, 1): 0.9542, (1, 5): 1.4989, (5, 1): 1.5454, (1, 6): 2.2656, (6, 1): 2.8805, (1, 7): 3.4374, (7, 1): 4.0523, (1, 8): 3.1255, (8, 1): 3.1717, (1, 9): 2.3964, (9, 1): 2.4434, (1, 10): 2.2713, (10, 1): 2.3178, (1, 11): 4.0626, (11, 1): 3.1935, (1, 12): 4.0626, (12, 1): 3.1935, (1, 13): 4.0626, (13, 1): 3.1935, (1, 14): 4.0626, (14, 1): 3.1935, (1, 15): 4.0626, (15, 1): 3.1935, (1, 16): 4.5134, (16, 1): 3.1544, (1, 17): 4.5134, (17, 1): 3.1544, (1, 18): 4.5134, (18, 1): 3.1544, (1, 19): 4.5134, (19, 1): 3.1544, (1, 20): 4.5134, (20, 1): 3.1544, (2, 2): 0.0, (2, 3): 0.5575, (3, 2): 0.7727, (2, 4): 1.1024, (4, 2): 1.1027, (2, 5): 1.6476, (5, 2): 1.6939, (2, 6): 2.9319, (6, 2): 3.029, (2, 7): 4.1037, (7, 2): 4.2008, (2, 8): 3.2743, (8, 2): 3.3202, (2, 9): 2.5451, (9, 2): 2.592, (2, 10): 2.42, (10, 2): 2.4663, (2, 11): 4.7289, (11, 2): 2.6613, (2, 12): 4.7289, (12, 2): 2.6613, (2, 13): 4.7289, (13, 2): 2.6613, (2, 14): 4.7289, (14, 2): 2.6613, (2, 15): 4.7289, (15, 2): 2.6613, (2, 16): 3.848, (16, 2): 2.6222, (2, 17): 3.848, (17, 2): 2.6222, (2, 18): 3.848, (18, 2): 2.6222, (2, 19): 3.848, (19, 2): 2.6222, (2, 20): 3.848, (20, 2): 2.6222, (3, 3): 0.0, (3, 4): 1.1399, (4, 3): 0.9795, (3, 5): 1.4903, (5, 3): 1.5707, (3, 6): 2.2571, (6, 3): 2.9058, (3, 7): 3.4289, (7, 3): 4.0776, (3, 8): 3.117, (8, 3): 3.197, (3, 9): 2.3878, (9, 3): 2.4687, (3, 10): 2.2627, (10, 3): 2.3431, (3, 11): 4.054, (11, 3): 3.2188, (3, 12): 4.054, (12, 3): 3.2188, (3, 13): 4.054, (13, 3): 3.2188, (3, 14): 4.054, (14, 3): 3.2188, (3, 15): 4.054, (15, 3): 3.2188, (3, 16): 4.5048, (16, 3): 3.1797, (3, 17): 4.5048, (17, 3): 3.1797, (3, 18): 4.5048, (18, 3): 3.1797, (3, 19): 4.5048, (19, 3): 3.1797, (3, 20): 4.5048, (20, 3): 3.1797, (4, 4): 0.0, (4, 5): 0.5453, (5, 4): 0.7495, (4, 6): 1.8296, (6, 4): 1.9263, (4, 7): 3.0014, (7, 4): 3.0981, (4, 8): 2.1719, (8, 4): 2.3757, (4, 9): 1.4428, (9, 4): 1.6475, (4, 10): 1.3177, (10, 4): 1.5219, (4, 11): 3.6266, (11, 4): 3.0746, (4, 12): 3.6266, (12, 4): 3.0746, (4, 13): 3.6266, (13, 4): 3.0746, (4, 14): 3.6266, (14, 4): 3.0746, (4, 15): 3.6266, (15, 4): 3.0746, (4, 16): 3.6247, (16, 4): 3.5744, (4, 17): 3.6247, (17, 4): 3.5744, (4, 18): 3.6247, (18, 4): 3.5744, (4, 19): 3.6247, (19, 4): 3.5744, (4, 20): 3.6247, (20, 4): 3.5744, (5, 5): 0.0, (5, 6): 1.7668, (6, 5): 1.7476, (5, 7): 2.9386, (7, 5): 3.1183, (5, 8): 1.6267, (8, 5): 1.6263, (5, 9): 0.8975, (9, 5): 0.8981, (5, 10): 0.7724, (10, 5): 0.7724, (5, 11): 3.2937, (11, 5): 3.0392, (5, 12): 3.2937, (12, 5): 3.0392, (5, 13): 3.2937, (13, 5): 3.0392, (5, 14): 3.2937, (14, 5): 3.0392, (5, 15): 3.2937, (15, 5): 3.0392, (5, 16): 4.154, (16, 5): 4.1939, (5, 17): 4.154, (17, 5): 4.1939, (5, 18): 4.154, (18, 5): 4.1939, (5, 19): 4.154, (19, 5): 4.1939, (5, 20): 4.154, (20, 5): 4.1939, (6, 6): 0.0, (6, 7): 1.3482, (7, 6): 1.3482, (6, 8): 1.4523, (8, 6): 1.4523, (6, 9): 1.2452, (9, 6): 1.5809, (6, 10): 2.0059, (10, 6): 1.6963, (6, 11): 2.4066, (11, 6): 3.7717, (6, 12): 2.4066, (12, 6): 3.7717, (6, 13): 2.4066, (13, 6): 3.7717, (6, 14): 2.4066, (14, 6): 3.7717, (6, 15): 2.4066, (15, 6): 3.7717, (6, 16): 4.8834, (16, 6): 4.9263, (6, 17): 4.8834, (17, 6): 4.9263, (6, 18): 4.8834, (18, 6): 4.9263, (6, 19): 4.8834, (19, 6): 4.9263, (6, 20): 4.8834, (20, 6): 4.9263, (7, 7): 0.0, (7, 8): 1.6628, (8, 7): 1.702, (7, 9): 2.3108, (9, 7): 2.3509, (7, 10): 3.0082, (10, 7): 3.0492, (7, 11): 3.5784, (11, 7): 4.9435, (7, 12): 3.5784, (12, 7): 4.9435, (7, 13): 3.5784, (13, 7): 4.9435, (7, 14): 3.5784, (14, 7): 4.9435, (7, 15): 3.5784, (15, 7): 4.9435, (7, 16): 6.0552, (16, 7): 6.0981, (7, 17): 6.0552, (17, 7): 6.0981, (7, 18): 6.0552, (18, 7): 6.0981, (7, 19): 6.0552, (19, 7): 6.0981, (7, 20): 6.0552, (20, 7): 6.0981, (8, 8): 0.0, (8, 9): 0.8188, (9, 8): 0.8198, (8, 10): 1.5162, (10, 8): 1.518, (8, 11): 3.3964, (11, 8): 4.6659, (8, 12): 3.3964, (12, 8): 4.6659, (8, 13): 3.3964, (13, 8): 4.6659, (8, 14): 3.3964, (14, 8): 4.6659, (8, 15): 3.3964, (15, 8): 4.6659, (8, 16): 5.7803, (16, 8): 5.8205, (8, 17): 5.7803, (17, 8): 5.8205, (8, 18): 5.7803, (18, 8): 5.8205, (8, 19): 5.7803, (19, 8): 5.8205, (8, 20): 5.7803, (20, 8): 5.8205, (9, 9): 0.0, (9, 10): 0.788, (10, 9): 0.7888, (9, 11): 2.6681, (11, 9): 3.9367, (9, 12): 2.6681, (12, 9): 3.9367, (9, 13): 2.6681, (13, 9): 3.9367, (9, 14): 2.6681, (14, 9): 3.9367, (9, 15): 2.6681, (15, 9): 3.9367, (9, 16): 5.0521, (16, 9): 5.0913, (9, 17): 5.0521, (17, 9): 5.0913, (9, 18): 5.0521, (18, 9): 5.0913, (9, 19): 5.0521, (19, 9): 5.0913, (9, 20): 5.0521, (20, 9): 5.0913, (10, 10): 0.0, (10, 11): 3.0712, (11, 10): 3.8117, (10, 12): 3.0712, (12, 10): 3.8117, (10, 13): 3.0712, (13, 10): 3.8117, (10, 14): 3.0712, (14, 10): 3.8117, (10, 15): 3.0712, (15, 10): 3.8117, (10, 16): 4.9264, (16, 10): 4.9663, (10, 17): 4.9264, (17, 10): 4.9663, (10, 18): 4.9264, (18, 10): 4.9663, (10, 19): 4.9264, (19, 10): 4.9663, (10, 20): 4.9264, (20, 10): 4.9663, (11, 11): 0.0, (11, 12): 0.0, (11, 13): 0.0, (11, 14): 0.0, (11, 15): 0.0, (11, 16): 3.4773, (11, 17): 3.4773, (11, 18): 3.4773, (11, 19): 3.4773, (11, 20): 3.4773, (12, 11): 0.0, (12, 12): 0.0, (12, 13): 0.0, (12, 14): 0.0, (12, 15): 0.0, (12, 16): 3.4773, (12, 17): 3.4773, (12, 18): 3.4773, (12, 19): 3.4773, (12, 20): 3.4773, (13, 11): 0.0, (13, 12): 0.0, (13, 13): 0.0, (13, 14): 0.0, (13, 15): 0.0, (13, 16): 3.4773, (13, 17): 3.4773, (13, 18): 3.4773, (13, 19): 3.4773, (13, 20): 3.4773, (14, 11): 0.0, (14, 12): 0.0, (14, 13): 0.0, (14, 14): 0.0, (14, 15): 0.0, (14, 16): 3.4773, (14, 17): 3.4773, (14, 18): 3.4773, (14, 19): 3.4773, (14, 20): 3.4773, (15, 11): 0.0, (15, 12): 0.0, (15, 13): 0.0, (15, 14): 0.0, (15, 15): 0.0, (15, 16): 3.4773, (15, 17): 3.4773, (15, 18): 3.4773, (15, 19): 3.4773, (15, 20): 3.4773, (16, 11): 3.7657, (16, 12): 3.7657, (16, 13): 3.7657, (16, 14): 3.7657, (16, 15): 3.7657, (16, 16): 0.0, (16, 17): 0.0, (16, 18): 0.0, (16, 19): 0.0, (16, 20): 0.0, (17, 11): 3.7657, (17, 12): 3.7657, (17, 13): 3.7657, (17, 14): 3.7657, (17, 15): 3.7657, (17, 16): 0.0, (17, 17): 0.0, (17, 18): 0.0, (17, 19): 0.0, (17, 20): 0.0, (18, 11): 3.7657, (18, 12): 3.7657, (18, 13): 3.7657, (18, 14): 3.7657, (18, 15): 3.7657, (18, 16): 0.0, (18, 17): 0.0, (18, 18): 0.0, (18, 19): 0.0, (18, 20): 0.0, (19, 11): 3.7657, (19, 12): 3.7657, (19, 13): 3.7657, (19, 14): 3.7657, (19, 15): 3.7657, (19, 16): 0.0, (19, 17): 0.0, (19, 18): 0.0, (19, 19): 0.0, (19, 20): 0.0, (20, 11): 3.7657, (20, 12): 3.7657, (20, 13): 3.7657, (20, 14): 3.7657, (20, 15): 3.7657, (20, 16): 0.0, (20, 17): 0.0, (20, 18): 0.0, (20, 19): 0.0, (20, 20): 0.0, (21, 21): 0}
Times [min]:
{(0, 21): 0, (21, 0): 0, (0, 0): 0, (0, 1): 7.9416666667, (21, 1): 7.9416666667, (1, 0): 7.335, (1, 21): 7.335, (0, 2): 7.2533333333, (21, 2): 7.2533333333, (2, 0): 7.4133333333, (2, 21): 7.4133333333, (0, 3): 8.1316666667, (21, 3): 8.1316666667, (3, 0): 7.3066666667, (3, 21): 7.3066666667, (0, 4): 6.1466666667, (21, 4): 6.1466666667, (4, 0): 5.625, (4, 21): 5.625, (0, 5): 4.95, (21, 5): 4.95, (5, 0): 5.0583333333, (5, 21): 5.0583333333, (0, 6): 4.01, (21, 6): 4.01, (6, 0): 3.94, (6, 21): 3.94, (0, 7): 5.88, (21, 7): 5.88, (7, 0): 5.8033333333, (7, 21): 5.8033333333, (0, 8): 5.4283333333, (21, 8): 5.4283333333, (8, 0): 5.2016666667, (8, 21): 5.2016666667, (0, 9): 4.42, (21, 9): 4.42, (9, 0): 4.2533333333, (9, 21): 4.2533333333, (0, 10): 5.2966666667, (21, 10): 5.2966666667, (10, 0): 5.215, (10, 21): 5.215, (0, 11): 3.5283333333, (21, 11): 3.5283333333, (11, 0): 4.6116666667, (11, 21): 4.6116666667, (0, 12): 3.5283333333, (21, 12): 3.5283333333, (12, 0): 4.6116666667, (12, 21): 4.6116666667, (0, 13): 3.5283333333, (21, 13): 3.5283333333, (13, 0): 4.6116666667, (13, 21): 4.6116666667, (0, 14): 3.5283333333, (21, 14): 3.5283333333, (14, 0): 4.6116666667, (14, 21): 4.6116666667, (0, 15): 3.5283333333, (21, 15): 3.5283333333, (15, 0): 4.6116666667, (15, 21): 4.6116666667, (0, 16): 7.8383333333, (21, 16): 7.8383333333, (16, 0): 7.3016666667, (16, 21): 7.3016666667, (0, 17): 7.8383333333, (21, 17): 7.8383333333, (17, 0): 7.3016666667, (17, 21): 7.3016666667, (0, 18): 7.8383333333, (21, 18): 7.8383333333, (18, 0): 7.3016666667, (18, 21): 7.3016666667, (0, 19): 7.8383333333, (21, 19): 7.8383333333, (19, 0): 7.3016666667, (19, 21): 7.3016666667, (0, 20): 7.8383333333, (21, 20): 7.8383333333, (20, 0): 7.3016666667, (20, 21): 7.3016666667, (1, 1): 0.0, (1, 2): 2.2266666667, (2, 1): 1.1783333333, (1, 3): 3.595, (3, 1): 0.7716666667, (1, 4): 2.72, (4, 1): 1.795, (1, 5): 3.48, (5, 1): 3.3483333333, (1, 6): 4.6033333333, (6, 1): 5.255, (1, 7): 6.4733333333, (7, 1): 7.1183333333, (1, 8): 6.0283333333, (8, 1): 5.845, (1, 9): 5.02, (9, 1): 4.8966666667, (1, 10): 5.095, (10, 1): 5.0133333333, (1, 11): 7.87, (11, 1): 6.0066666667, (1, 12): 7.87, (12, 1): 6.0066666667, (1, 13): 7.87, (13, 1): 6.0066666667, (1, 14): 7.87, (14, 1): 6.0066666667, (1, 15): 7.87, (15, 1): 6.0066666667, (1, 16): 9.0883333333, (16, 1): 6.495, (1, 17): 9.0883333333, (17, 1): 6.495, (1, 18): 9.0883333333, (18, 1): 6.495, (1, 19): 9.0883333333, (19, 1): 6.495, (1, 20): 9.0883333333, (20, 1): 6.495, (2, 2): 0.0, (2, 3): 1.3683333333, (3, 2): 2.9983333333, (2, 4): 1.7883333333, (4, 2): 1.7383333333, (2, 5): 2.9566666667, (5, 2): 3.2916666667, (2, 6): 4.6816666667, (6, 2): 5.1983333333, (2, 7): 6.5516666667, (7, 2): 7.0616666667, (2, 8): 5.505, (8, 2): 5.7883333333, (2, 9): 4.4966666667, (9, 2): 4.84, (2, 10): 4.5716666667, (10, 2): 4.9566666667, (2, 11): 7.9483333333, (11, 2): 4.8283333333, (2, 12): 7.9483333333, (12, 2): 4.8283333333, (2, 13): 7.9483333333, (13, 2): 4.8283333333, (2, 14): 7.9483333333, (14, 2): 4.8283333333, (2, 15): 7.9483333333, (15, 2): 4.8283333333, (2, 16): 6.9083333333, (16, 2): 5.3166666667, (2, 17): 6.9083333333, (17, 2): 5.3166666667, (2, 18): 6.9083333333, (18, 2): 5.3166666667, (2, 19): 6.9083333333, (19, 2): 5.3166666667, (2, 20): 6.9083333333, (20, 2): 5.3166666667, (3, 3): 0.0, (3, 4): 2.6916666667, (4, 3): 1.985, (3, 5): 3.4516666667, (5, 3): 3.5383333333, (3, 6): 4.575, (6, 3): 5.445, (3, 7): 6.445, (7, 3): 7.3083333333, (3, 8): 6.0, (8, 3): 6.035, (3, 9): 4.9916666667, (9, 3): 5.0866666667, (3, 10): 5.0666666667, (10, 3): 5.2033333333, (3, 11): 7.8416666667, (11, 3): 6.1966666667, (3, 12): 7.8416666667, (12, 3): 6.1966666667, (3, 13): 7.8416666667, (13, 3): 6.1966666667, (3, 14): 7.8416666667, (14, 3): 6.1966666667, (3, 15): 7.8416666667, (15, 3): 6.1966666667, (3, 16): 9.06, (16, 3): 6.685, (3, 17): 9.06, (17, 3): 6.685, (3, 18): 9.06, (18, 3): 6.685, (3, 19): 9.06, (19, 3): 6.685, (3, 20): 9.06, (20, 3): 6.685, (4, 4): 0.0, (4, 5): 1.1683333333, (5, 4): 1.8283333333, (4, 6): 2.8933333333, (6, 4): 3.46, (4, 7): 4.7633333333, (7, 4): 5.3233333333, (4, 8): 3.7166666667, (8, 4): 4.325, (4, 9): 2.7083333333, (9, 4): 3.3766666667, (4, 10): 2.7833333333, (10, 4): 3.4933333333, (4, 11): 6.16, (11, 4): 5.9366666667, (4, 12): 6.16, (12, 4): 5.9366666667, (4, 13): 6.16, (13, 4): 5.9366666667, (4, 14): 6.16, (14, 4): 5.9366666667, (4, 15): 6.16, (15, 4): 5.9366666667, (4, 16): 6.555, (16, 4): 6.58, (4, 17): 6.555, (17, 4): 6.58, (4, 18): 6.555, (18, 4): 6.58, (4, 19): 6.555, (19, 4): 6.58, (4, 20): 6.555, (20, 4): 6.58, (5, 5): 0.0, (5, 6): 2.8, (6, 5): 3.285, (5, 7): 4.67, (7, 5): 4.5883333333, (5, 8): 2.5483333333, (8, 5): 2.4966666667, (5, 9): 1.54, (9, 5): 1.5483333333, (5, 10): 1.615, (10, 5): 1.665, (5, 11): 5.5933333333, (11, 5): 6.0383333333, (5, 12): 5.5933333333, (12, 5): 6.0383333333, (5, 13): 5.5933333333, (13, 5): 6.0383333333, (5, 14): 5.5933333333, (14, 5): 6.0383333333, (5, 15): 5.5933333333, (15, 5): 6.0383333333, (5, 16): 7.2433333333, (16, 5): 7.58, (5, 17): 7.2433333333, (17, 5): 7.58, (5, 18): 7.2433333333, (18, 5): 7.58, (5, 19): 7.2433333333, (19, 5): 7.58, (5, 20): 7.2433333333, (20, 5): 7.58, (6, 6): 0.0, (6, 7): 2.3633333333, (7, 6): 2.465, (6, 8): 3.1583333333, (8, 6): 3.3583333333, (6, 9): 2.9783333333, (9, 6): 2.805, (6, 10): 3.9016666667, (10, 6): 3.2216666667, (6, 11): 4.475, (11, 6): 7.1783333333, (6, 12): 4.475, (12, 6): 7.1783333333, (6, 13): 4.475, (13, 6): 7.1783333333, (6, 14): 4.475, (14, 6): 7.1783333333, (6, 15): 4.475, (15, 6): 7.1783333333, (6, 16): 8.4633333333, (16, 6): 8.72, (6, 17): 8.4633333333, (17, 6): 8.72, (6, 18): 8.4633333333, (18, 6): 8.72, (6, 19): 8.4633333333, (19, 6): 8.72, (6, 20): 8.4633333333, (20, 6): 8.72, (7, 7): 0.0, (7, 8): 2.565, (8, 7): 2.7316666667, (7, 9): 3.4583333333, (9, 7): 3.6833333333, (7, 10): 4.935, (10, 7): 4.9633333333, (7, 11): 6.3383333333, (11, 7): 9.0483333333, (7, 12): 6.3383333333, (12, 7): 9.0483333333, (7, 13): 6.3383333333, (13, 7): 9.0483333333, (7, 14): 6.3383333333, (14, 7): 9.0483333333, (7, 15): 6.3383333333, (15, 7): 9.0483333333, (7, 16): 10.3266666667, (16, 7): 10.59, (7, 17): 10.3266666667, (17, 7): 10.59, (7, 18): 10.3266666667, (18, 7): 10.59, (7, 19): 10.3266666667, (19, 7): 10.59, (7, 20): 10.3266666667, (20, 7): 10.59, (8, 8): 0.0, (8, 9): 1.3666666667, (9, 8): 1.535, (8, 10): 2.8433333333, (10, 8): 2.815, (8, 11): 5.7366666667, (11, 8): 8.5866666667, (8, 12): 5.7366666667, (12, 8): 8.5866666667, (8, 13): 5.7366666667, (13, 8): 8.5866666667, (8, 14): 5.7366666667, (14, 8): 8.5866666667, (8, 15): 5.7366666667, (15, 8): 8.5866666667, (8, 16): 9.74, (16, 8): 10.1283333333, (8, 17): 9.74, (17, 8): 10.1283333333, (8, 18): 9.74, (18, 8): 10.1283333333, (8, 19): 9.74, (19, 8): 10.1283333333, (8, 20): 9.74, (20, 8): 10.1283333333, (9, 9): 0.0, (9, 10): 1.895, (10, 9): 1.8066666667, (9, 11): 4.7883333333, (11, 9): 7.5783333333, (9, 12): 4.7883333333, (12, 9): 7.5783333333, (9, 13): 4.7883333333, (13, 9): 7.5783333333, (9, 14): 4.7883333333, (14, 9): 7.5783333333, (9, 15): 4.7883333333, (15, 9): 7.5783333333, (9, 16): 8.7916666667, (16, 9): 9.12, (9, 17): 8.7916666667, (17, 9): 9.12, (9, 18): 8.7916666667, (18, 9): 9.12, (9, 19): 8.7916666667, (19, 9): 9.12, (9, 20): 8.7916666667, (20, 9): 9.12, (10, 10): 0.0, (10, 11): 5.75, (11, 10): 7.6533333333, (10, 12): 5.75, (12, 10): 7.6533333333, (10, 13): 5.75, (13, 10): 7.6533333333, (10, 14): 5.75, (14, 10): 7.6533333333, (10, 15): 5.75, (15, 10): 7.6533333333, (10, 16): 8.9083333333, (16, 10): 9.195, (10, 17): 8.9083333333, (17, 10): 9.195, (10, 18): 8.9083333333, (18, 10): 9.195, (10, 19): 8.9083333333, (19, 10): 9.195, (10, 20): 8.9083333333, (20, 10): 9.195, (11, 11): 0.0, (11, 12): 0.0, (11, 13): 0.0, (11, 14): 0.0, (11, 15): 0.0, (11, 16): 6.27, (11, 17): 6.27, (11, 18): 6.27, (11, 19): 6.27, (11, 20): 6.27, (12, 11): 0.0, (12, 12): 0.0, (12, 13): 0.0, (12, 14): 0.0, (12, 15): 0.0, (12, 16): 6.27, (12, 17): 6.27, (12, 18): 6.27, (12, 19): 6.27, (12, 20): 6.27, (13, 11): 0.0, (13, 12): 0.0, (13, 13): 0.0, (13, 14): 0.0, (13, 15): 0.0, (13, 16): 6.27, (13, 17): 6.27, (13, 18): 6.27, (13, 19): 6.27, (13, 20): 6.27, (14, 11): 0.0, (14, 12): 0.0, (14, 13): 0.0, (14, 14): 0.0, (14, 15): 0.0, (14, 16): 6.27, (14, 17): 6.27, (14, 18): 6.27, (14, 19): 6.27, (14, 20): 6.27, (15, 11): 0.0, (15, 12): 0.0, (15, 13): 0.0, (15, 14): 0.0, (15, 15): 0.0, (15, 16): 6.27, (15, 17): 6.27, (15, 18): 6.27, (15, 19): 6.27, (15, 20): 6.27, (16, 11): 7.6266666667, (16, 12): 7.6266666667, (16, 13): 7.6266666667, (16, 14): 7.6266666667, (16, 15): 7.6266666667, (16, 16): 0.0, (16, 17): 0.0, (16, 18): 0.0, (16, 19): 0.0, (16, 20): 0.0, (17, 11): 7.6266666667, (17, 12): 7.6266666667, (17, 13): 7.6266666667, (17, 14): 7.6266666667, (17, 15): 7.6266666667, (17, 16): 0.0, (17, 17): 0.0, (17, 18): 0.0, (17, 19): 0.0, (17, 20): 0.0, (18, 11): 7.6266666667, (18, 12): 7.6266666667, (18, 13): 7.6266666667, (18, 14): 7.6266666667, (18, 15): 7.6266666667, (18, 16): 0.0, (18, 17): 0.0, (18, 18): 0.0, (18, 19): 0.0, (18, 20): 0.0, (19, 11): 7.6266666667, (19, 12): 7.6266666667, (19, 13): 7.6266666667, (19, 14): 7.6266666667, (19, 15): 7.6266666667, (19, 16): 0.0, (19, 17): 0.0, (19, 18): 0.0, (19, 19): 0.0, (19, 20): 0.0, (20, 11): 7.6266666667, (20, 12): 7.6266666667, (20, 13): 7.6266666667, (20, 14): 7.6266666667, (20, 15): 7.6266666667, (20, 16): 0.0, (20, 17): 0.0, (20, 18): 0.0, (20, 19): 0.0, (20, 20): 0.0, (21, 21): 0}
Cost:
{(0, 21, 0): 0, (21, 0, 0): 0, (0, 0, 0): 0, (0, 1, 0): 4.7191, (21, 1, 0): 4.7191, (1, 0, 0): 4.1678, (1, 21, 0): 4.1678, (0, 2, 0): 4.496, (21, 2, 0): 4.496, (2, 0, 0): 4.8342, (2, 21, 0): 4.8342, (0, 3, 0): 4.7444, (21, 3, 0): 4.7444, (3, 0, 0): 4.1593, (3, 21, 0): 4.1593, (0, 4, 0): 3.7649, (21, 4, 0): 3.7649, (4, 0, 0): 3.7318, (4, 21, 0): 3.7318, (0, 5, 0): 3.2466, (21, 5, 0): 3.2466, (5, 0, 0): 3.3989, (5, 21, 0): 3.3989, (0, 6, 0): 2.5304, (21, 6, 0): 2.5304, (6, 0, 0): 2.5119, (6, 21, 0): 2.5119, (0, 7, 0): 3.7022, (21, 7, 0): 3.7022, (7, 0, 0): 3.6837, (7, 21, 0): 3.6837, (0, 8, 0): 3.5375, (21, 8, 0): 3.5375, (8, 0, 0): 3.5016, (8, 21, 0): 3.5016, (0, 9, 0): 2.8084, (21, 9, 0): 2.8084, (9, 0, 0): 2.7734, (9, 21, 0): 2.7734, (0, 10, 0): 3.1365, (21, 10, 0): 3.1365, (10, 0, 0): 3.1764, (10, 21, 0): 3.1764, (0, 11, 0): 2.3454, (21, 11, 0): 2.3454, (11, 0, 0): 2.8929, (11, 21, 0): 2.8929, (0, 12, 0): 2.3454, (21, 12, 0): 2.3454, (12, 0, 0): 2.8929, (12, 21, 0): 2.8929, (0, 13, 0): 2.3454, (21, 13, 0): 2.3454, (13, 0, 0): 2.8929, (13, 21, 0): 2.8929, (0, 14, 0): 2.3454, (21, 14, 0): 2.3454, (14, 0, 0): 2.8929, (14, 21, 0): 2.8929, (0, 15, 0): 2.3454, (21, 15, 0): 2.3454, (15, 0, 0): 2.8929, (15, 21, 0): 2.8929, (0, 16, 0): 4.6923, (21, 16, 0): 4.6923, (16, 0, 0): 5.9309, (16, 21, 0): 5.9309, (0, 17, 0): 4.6923, (21, 17, 0): 4.6923, (17, 0, 0): 5.9309, (17, 21, 0): 5.9309, (0, 18, 0): 4.6923, (21, 18, 0): 4.6923, (18, 0, 0): 5.9309, (18, 21, 0): 5.9309, (0, 19, 0): 4.6923, (21, 19, 0): 4.6923, (19, 0, 0): 5.9309, (19, 21, 0): 5.9309, (0, 20, 0): 4.6923, (21, 20, 0): 4.6923, (20, 0, 0): 5.9309, (20, 21, 0): 5.9309, (1, 1, 0): 0.0, (1, 2, 0): 0.5681, (2, 1, 0): 0.5322, (1, 3, 0): 1.1257, (3, 1, 0): 0.2046, (1, 4, 0): 1.1485, (4, 1, 0): 0.9542, (1, 5, 0): 1.4989, (5, 1, 0): 1.5454, (1, 6, 0): 2.2656, (6, 1, 0): 2.8805, (1, 7, 0): 3.4374, (7, 1, 0): 4.0523, (1, 8, 0): 3.1255, (8, 1, 0): 3.1717, (1, 9, 0): 2.3964, (9, 1, 0): 2.4434, (1, 10, 0): 2.2713, (10, 1, 0): 2.3178, (1, 11, 0): 4.0626, (11, 1, 0): 3.1935, (1, 12, 0): 4.0626, (12, 1, 0): 3.1935, (1, 13, 0): 4.0626, (13, 1, 0): 3.1935, (1, 14, 0): 4.0626, (14, 1, 0): 3.1935, (1, 15, 0): 4.0626, (15, 1, 0): 3.1935, (1, 16, 0): 4.5134, (16, 1, 0): 3.1544, (1, 17, 0): 4.5134, (17, 1, 0): 3.1544, (1, 18, 0): 4.5134, (18, 1, 0): 3.1544, (1, 19, 0): 4.5134, (19, 1, 0): 3.1544, (1, 20, 0): 4.5134, (20, 1, 0): 3.1544, (2, 2, 0): 0.0, (2, 3, 0): 0.5575, (3, 2, 0): 0.7727, (2, 4, 0): 1.1024, (4, 2, 0): 1.1027, (2, 5, 0): 1.6476, (5, 2, 0): 1.6939, (2, 6, 0): 2.9319, (6, 2, 0): 3.029, (2, 7, 0): 4.1037, (7, 2, 0): 4.2008, (2, 8, 0): 3.2743, (8, 2, 0): 3.3202, (2, 9, 0): 2.5451, (9, 2, 0): 2.592, (2, 10, 0): 2.42, (10, 2, 0): 2.4663, (2, 11, 0): 4.7289, (11, 2, 0): 2.6613, (2, 12, 0): 4.7289, (12, 2, 0): 2.6613, (2, 13, 0): 4.7289, (13, 2, 0): 2.6613, (2, 14, 0): 4.7289, (14, 2, 0): 2.6613, (2, 15, 0): 4.7289, (15, 2, 0): 2.6613, (2, 16, 0): 3.848, (16, 2, 0): 2.6222, (2, 17, 0): 3.848, (17, 2, 0): 2.6222, (2, 18, 0): 3.848, (18, 2, 0): 2.6222, (2, 19, 0): 3.848, (19, 2, 0): 2.6222, (2, 20, 0): 3.848, (20, 2, 0): 2.6222, (3, 3, 0): 0.0, (3, 4, 0): 1.1399, (4, 3, 0): 0.9795, (3, 5, 0): 1.4903, (5, 3, 0): 1.5707, (3, 6, 0): 2.2571, (6, 3, 0): 2.9058, (3, 7, 0): 3.4289, (7, 3, 0): 4.0776, (3, 8, 0): 3.117, (8, 3, 0): 3.197, (3, 9, 0): 2.3878, (9, 3, 0): 2.4687, (3, 10, 0): 2.2627, (10, 3, 0): 2.3431, (3, 11, 0): 4.054, (11, 3, 0): 3.2188, (3, 12, 0): 4.054, (12, 3, 0): 3.2188, (3, 13, 0): 4.054, (13, 3, 0): 3.2188, (3, 14, 0): 4.054, (14, 3, 0): 3.2188, (3, 15, 0): 4.054, (15, 3, 0): 3.2188, (3, 16, 0): 4.5048, (16, 3, 0): 3.1797, (3, 17, 0): 4.5048, (17, 3, 0): 3.1797, (3, 18, 0): 4.5048, (18, 3, 0): 3.1797, (3, 19, 0): 4.5048, (19, 3, 0): 3.1797, (3, 20, 0): 4.5048, (20, 3, 0): 3.1797, (4, 4, 0): 0.0, (4, 5, 0): 0.5453, (5, 4, 0): 0.7495, (4, 6, 0): 1.8296, (6, 4, 0): 1.9263, (4, 7, 0): 3.0014, (7, 4, 0): 3.0981, (4, 8, 0): 2.1719, (8, 4, 0): 2.3757, (4, 9, 0): 1.4428, (9, 4, 0): 1.6475, (4, 10, 0): 1.3177, (10, 4, 0): 1.5219, (4, 11, 0): 3.6266, (11, 4, 0): 3.0746, (4, 12, 0): 3.6266, (12, 4, 0): 3.0746, (4, 13, 0): 3.6266, (13, 4, 0): 3.0746, (4, 14, 0): 3.6266, (14, 4, 0): 3.0746, (4, 15, 0): 3.6266, (15, 4, 0): 3.0746, (4, 16, 0): 3.6247, (16, 4, 0): 3.5744, (4, 17, 0): 3.6247, (17, 4, 0): 3.5744, (4, 18, 0): 3.6247, (18, 4, 0): 3.5744, (4, 19, 0): 3.6247, (19, 4, 0): 3.5744, (4, 20, 0): 3.6247, (20, 4, 0): 3.5744, (5, 5, 0): 0.0, (5, 6, 0): 1.7668, (6, 5, 0): 1.7476, (5, 7, 0): 2.9386, (7, 5, 0): 3.1183, (5, 8, 0): 1.6267, (8, 5, 0): 1.6263, (5, 9, 0): 0.8975, (9, 5, 0): 0.8981, (5, 10, 0): 0.7724, (10, 5, 0): 0.7724, (5, 11, 0): 3.2937, (11, 5, 0): 3.0392, (5, 12, 0): 3.2937, (12, 5, 0): 3.0392, (5, 13, 0): 3.2937, (13, 5, 0): 3.0392, (5, 14, 0): 3.2937, (14, 5, 0): 3.0392, (5, 15, 0): 3.2937, (15, 5, 0): 3.0392, (5, 16, 0): 4.154, (16, 5, 0): 4.1939, (5, 17, 0): 4.154, (17, 5, 0): 4.1939, (5, 18, 0): 4.154, (18, 5, 0): 4.1939, (5, 19, 0): 4.154, (19, 5, 0): 4.1939, (5, 20, 0): 4.154, (20, 5, 0): 4.1939, (6, 6, 0): 0.0, (6, 7, 0): 1.3482, (7, 6, 0): 1.3482, (6, 8, 0): 1.4523, (8, 6, 0): 1.4523, (6, 9, 0): 1.2452, (9, 6, 0): 1.5809, (6, 10, 0): 2.0059, (10, 6, 0): 1.6963, (6, 11, 0): 2.4066, (11, 6, 0): 3.7717, (6, 12, 0): 2.4066, (12, 6, 0): 3.7717, (6, 13, 0): 2.4066, (13, 6, 0): 3.7717, (6, 14, 0): 2.4066, (14, 6, 0): 3.7717, (6, 15, 0): 2.4066, (15, 6, 0): 3.7717, (6, 16, 0): 4.8834, (16, 6, 0): 4.9263, (6, 17, 0): 4.8834, (17, 6, 0): 4.9263, (6, 18, 0): 4.8834, (18, 6, 0): 4.9263, (6, 19, 0): 4.8834, (19, 6, 0): 4.9263, (6, 20, 0): 4.8834, (20, 6, 0): 4.9263, (7, 7, 0): 0.0, (7, 8, 0): 1.6628, (8, 7, 0): 1.702, (7, 9, 0): 2.3108, (9, 7, 0): 2.3509, (7, 10, 0): 3.0082, (10, 7, 0): 3.0492, (7, 11, 0): 3.5784, (11, 7, 0): 4.9435, (7, 12, 0): 3.5784, (12, 7, 0): 4.9435, (7, 13, 0): 3.5784, (13, 7, 0): 4.9435, (7, 14, 0): 3.5784, (14, 7, 0): 4.9435, (7, 15, 0): 3.5784, (15, 7, 0): 4.9435, (7, 16, 0): 6.0552, (16, 7, 0): 6.0981, (7, 17, 0): 6.0552, (17, 7, 0): 6.0981, (7, 18, 0): 6.0552, (18, 7, 0): 6.0981, (7, 19, 0): 6.0552, (19, 7, 0): 6.0981, (7, 20, 0): 6.0552, (20, 7, 0): 6.0981, (8, 8, 0): 0.0, (8, 9, 0): 0.8188, (9, 8, 0): 0.8198, (8, 10, 0): 1.5162, (10, 8, 0): 1.518, (8, 11, 0): 3.3964, (11, 8, 0): 4.6659, (8, 12, 0): 3.3964, (12, 8, 0): 4.6659, (8, 13, 0): 3.3964, (13, 8, 0): 4.6659, (8, 14, 0): 3.3964, (14, 8, 0): 4.6659, (8, 15, 0): 3.3964, (15, 8, 0): 4.6659, (8, 16, 0): 5.7803, (16, 8, 0): 5.8205, (8, 17, 0): 5.7803, (17, 8, 0): 5.8205, (8, 18, 0): 5.7803, (18, 8, 0): 5.8205, (8, 19, 0): 5.7803, (19, 8, 0): 5.8205, (8, 20, 0): 5.7803, (20, 8, 0): 5.8205, (9, 9, 0): 0.0, (9, 10, 0): 0.788, (10, 9, 0): 0.7888, (9, 11, 0): 2.6681, (11, 9, 0): 3.9367, (9, 12, 0): 2.6681, (12, 9, 0): 3.9367, (9, 13, 0): 2.6681, (13, 9, 0): 3.9367, (9, 14, 0): 2.6681, (14, 9, 0): 3.9367, (9, 15, 0): 2.6681, (15, 9, 0): 3.9367, (9, 16, 0): 5.0521, (16, 9, 0): 5.0913, (9, 17, 0): 5.0521, (17, 9, 0): 5.0913, (9, 18, 0): 5.0521, (18, 9, 0): 5.0913, (9, 19, 0): 5.0521, (19, 9, 0): 5.0913, (9, 20, 0): 5.0521, (20, 9, 0): 5.0913, (10, 10, 0): 0.0, (10, 11, 0): 3.0712, (11, 10, 0): 3.8117, (10, 12, 0): 3.0712, (12, 10, 0): 3.8117, (10, 13, 0): 3.0712, (13, 10, 0): 3.8117, (10, 14, 0): 3.0712, (14, 10, 0): 3.8117, (10, 15, 0): 3.0712, (15, 10, 0): 3.8117, (10, 16, 0): 4.9264, (16, 10, 0): 4.9663, (10, 17, 0): 4.9264, (17, 10, 0): 4.9663, (10, 18, 0): 4.9264, (18, 10, 0): 4.9663, (10, 19, 0): 4.9264, (19, 10, 0): 4.9663, (10, 20, 0): 4.9264, (20, 10, 0): 4.9663, (11, 11, 0): 0.0, (11, 12, 0): 0.0, (11, 13, 0): 0.0, (11, 14, 0): 0.0, (11, 15, 0): 0.0, (11, 16, 0): 3.4773, (11, 17, 0): 3.4773, (11, 18, 0): 3.4773, (11, 19, 0): 3.4773, (11, 20, 0): 3.4773, (12, 11, 0): 0.0, (12, 12, 0): 0.0, (12, 13, 0): 0.0, (12, 14, 0): 0.0, (12, 15, 0): 0.0, (12, 16, 0): 3.4773, (12, 17, 0): 3.4773, (12, 18, 0): 3.4773, (12, 19, 0): 3.4773, (12, 20, 0): 3.4773, (13, 11, 0): 0.0, (13, 12, 0): 0.0, (13, 13, 0): 0.0, (13, 14, 0): 0.0, (13, 15, 0): 0.0, (13, 16, 0): 3.4773, (13, 17, 0): 3.4773, (13, 18, 0): 3.4773, (13, 19, 0): 3.4773, (13, 20, 0): 3.4773, (14, 11, 0): 0.0, (14, 12, 0): 0.0, (14, 13, 0): 0.0, (14, 14, 0): 0.0, (14, 15, 0): 0.0, (14, 16, 0): 3.4773, (14, 17, 0): 3.4773, (14, 18, 0): 3.4773, (14, 19, 0): 3.4773, (14, 20, 0): 3.4773, (15, 11, 0): 0.0, (15, 12, 0): 0.0, (15, 13, 0): 0.0, (15, 14, 0): 0.0, (15, 15, 0): 0.0, (15, 16, 0): 3.4773, (15, 17, 0): 3.4773, (15, 18, 0): 3.4773, (15, 19, 0): 3.4773, (15, 20, 0): 3.4773, (16, 11, 0): 3.7657, (16, 12, 0): 3.7657, (16, 13, 0): 3.7657, (16, 14, 0): 3.7657, (16, 15, 0): 3.7657, (16, 16, 0): 0.0, (16, 17, 0): 0.0, (16, 18, 0): 0.0, (16, 19, 0): 0.0, (16, 20, 0): 0.0, (17, 11, 0): 3.7657, (17, 12, 0): 3.7657, (17, 13, 0): 3.7657, (17, 14, 0): 3.7657, (17, 15, 0): 3.7657, (17, 16, 0): 0.0, (17, 17, 0): 0.0, (17, 18, 0): 0.0, (17, 19, 0): 0.0, (17, 20, 0): 0.0, (18, 11, 0): 3.7657, (18, 12, 0): 3.7657, (18, 13, 0): 3.7657, (18, 14, 0): 3.7657, (18, 15, 0): 3.7657, (18, 16, 0): 0.0, (18, 17, 0): 0.0, (18, 18, 0): 0.0, (18, 19, 0): 0.0, (18, 20, 0): 0.0, (19, 11, 0): 3.7657, (19, 12, 0): 3.7657, (19, 13, 0): 3.7657, (19, 14, 0): 3.7657, (19, 15, 0): 3.7657, (19, 16, 0): 0.0, (19, 17, 0): 0.0, (19, 18, 0): 0.0, (19, 19, 0): 0.0, (19, 20, 0): 0.0, (20, 11, 0): 3.7657, (20, 12, 0): 3.7657, (20, 13, 0): 3.7657, (20, 14, 0): 3.7657, (20, 15, 0): 3.7657, (20, 16, 0): 0.0, (20, 17, 0): 0.0, (20, 18, 0): 0.0, (20, 19, 0): 0.0, (20, 20, 0): 0.0, (21, 21, 0): 0}
Service time: {0: 0, 1: 1, 2: 1, 3: 1, 4: 1, 5: 1, 6: 1, 7: 1, 8: 1, 9: 1, 10: 1, 11: 1, 12: 1, 13: 1, 14: 1, 15: 1, 16: 1, 17: 1, 18: 1, 19: 1, 20: 1, 21: 0}
Demand:  {0: 0, 1: 1, 2: 1, 3: 1, 4: 1, 5: 1, 6: 1, 7: 1, 8: 1, 9: 1, 10: 1, 11: -1, 12: -1, 13: -1, 14: -1, 15: -1, 16: -1, 17: -1, 18: -1, 19: -1, 20: -1, 21: 0}
Earliest time:  {0: 0, 1: 0, 2: 30, 3: 60, 4: 0, 5: 0, 6: 0, 7: 30, 8: 30, 9: 0, 10: 30, 11: 0, 12: 0, 13: 0, 14: 0, 15: 0, 16: 0, 17: 0, 18: 0, 19: 0, 20: 0, 21: 0}
Latest time:  {0: 120, 1: 30, 2: 60, 3: 90, 4: 30, 5: 30, 6: 30, 7: 60, 8: 60, 9: 30, 10: 60, 11: 120, 12: 120, 13: 120, 14: 120, 15: 120, 16: 120, 17: 120, 18: 120, 19: 120, 20: 120, 21: 120}
Tempo medio = 5.442572314048141 minutes
Distanza media = 3.0441836776859503 km
IL NUMERO DI VEICOLI NON È IMPOSTO MA SCELTO DAL MODELLO!
Vehicle capacity 15
num clients =  10
PDPTW Compact formulation
Set parameter Username
Academic license - for non-commercial use only - expires 2024-12-04
Discarded solution information
Set parameter TimeLimit to value 600
Set parameter InfUnbdInfo to value 1
Gurobi Optimizer version 11.0.0 build v11.0.0rc2 (win64 - Windows 11.0 (22621.2))

CPU model: Intel(R) Core(TM) i7-8550U CPU @ 1.80GHz, instruction set [SSE2|AVX|AVX2]
Thread count: 4 physical cores, 8 logical processors, using up to 8 threads

Optimize a model with 948 rows, 548 columns and 3287 nonzeros
Model fingerprint: 0x5d24bc67
Model has 842 general constraints
Variable types: 64 continuous, 484 integer (484 binary)
Coefficient statistics:
  Matrix range     [1e+00, 2e+01]
  Objective range  [2e-01, 6e+00]
  Bounds range     [1e+00, 1e+00]
  RHS range        [1e+00, 1e+02]
  GenCon rhs range [1e+00, 1e+01]
  GenCon coe range [1e+00, 1e+00]
Presolve added 322 rows and 0 columns
Presolve removed 0 rows and 156 columns
Presolve time: 0.05s
Presolved: 1270 rows, 392 columns, 7899 nonzeros
Variable types: 50 continuous, 342 integer (342 binary)

Root relaxation: objective 1.789050e+01, 106 iterations, 0.00 seconds (0.00 work units)

    Nodes    |    Current Node    |     Objective Bounds      |     Work
 Expl Unexpl |  Obj  Depth IntInf | Incumbent    BestBd   Gap | It/Node Time

     0     0   17.89050    0   18          -   17.89050      -     -    0s
H    0     0                     123.8521000   17.89050  85.6%     -    0s
     0     0   17.89050    0   30  123.85210   17.89050  85.6%     -    0s
H    0     0                      46.1240000   17.98290  61.0%     -    0s
     0     0   17.98290    0   30   46.12400   17.98290  61.0%     -    0s
     0     0   17.98290    0   14   46.12400   17.98290  61.0%     -    0s
     0     0   17.98290    0   16   46.12400   17.98290  61.0%     -    0s
     0     0   18.40407    0   14   46.12400   18.40407  60.1%     -    0s
     0     0   18.60212    0   14   46.12400   18.60212  59.7%     -    0s
H    0     0                      33.8757000   18.97070  44.0%     -    0s
H    0     0                      31.4823000   18.97070  39.7%     -    0s
     0     0   19.00628    0   24   31.48230   19.00628  39.6%     -    0s
H    0     0                      28.7673000   19.00628  33.9%     -    0s
     0     0   19.02552    0   20   28.76730   19.02552  33.9%     -    0s
     0     0   19.26561    0   27   28.76730   19.26561  33.0%     -    0s
H    0     0                      28.4365000   19.26561  32.3%     -    0s
     0     0   19.30606    0   27   28.43650   19.30606  32.1%     -    0s
     0     0   19.36767    0   29   28.43650   19.36767  31.9%     -    0s
     0     0   19.36767    0   26   28.43650   19.36767  31.9%     -    0s
     0     2   19.36767    0   26   28.43650   19.36767  31.9%     -    0s
H   37    34                      27.5245000   19.36767  29.6%  26.2    0s
H  238   149                      27.5244000   19.36767  29.6%  12.4    0s
H  675   480                      27.4108000   19.36767  29.3%   8.7    0s
* 1350   887              29      26.3902000   19.38610  26.5%   8.1    0s
  9535  3522   22.47218   33    4   26.39020   19.75175  25.2%  12.6    5s
 29757 10030   21.99017   33   26   26.39020   20.51328  22.3%  13.9   12s
 29777 10043   22.40890   50   26   26.39020   20.51328  22.3%  13.9   15s
 31424 10360   22.56031   39   42   26.39020   20.51328  22.3%  14.4   20s
 38461 10379   23.02947   37   46   26.39020   21.58129  18.2%  15.9   25s
 49938  9506   24.42454   43   19   26.39020   22.93448  13.1%  17.3   30s
 62853  7916   24.33027   50   26   26.39020   23.72325  10.1%  18.0   35s
 74425  8012 infeasible   45        26.39020   24.32112  7.84%  18.5   40s
 86019  8058   25.57953   56   22   26.39020   24.58095  6.86%  18.9   45s
 97146  6468   25.94808   47   30   26.39020   24.93878  5.50%  19.1   50s
 108558  3141   26.05609   44   29   26.39020   25.46840  3.49%  19.2   55s

Cutting planes:
  Learned: 24
  Gomory: 29
  Cover: 153
  Implied bound: 24
  Projected implied bound: 23
  Clique: 9
  MIR: 77
  Mixing: 15
  StrongCG: 4
  Flow cover: 288
  GUB cover: 1
  Inf proof: 5
  Zero half: 37
  RLT: 19
  Relax-and-lift: 64
  BQP: 8

Explored 115223 nodes (2202300 simplex iterations) in 57.61 seconds (39.61 work units)
Thread count was 8 (of 8 available processors)

Solution count 10: 26.3902 27.4108 27.5244 ... 123.852

Optimal solution found (tolerance 1.00e-04)
Best objective 2.639020000000e+01, best bound 2.639020000000e+01, gap 0.0000%
Total cost (distance) =  26.39 km
Sol = {(18, 20), (5, 4), (9, 5), (1, 6), (11, 14), (15, 11), (16, 13), (20, 19), (12, 15), (3, 18), (14, 21), (10, 2), (19, 17), (6, 7), (4, 1), (17, 16), (0, 9), (8, 10), (2, 3), (13, 12), (7, 8)}


Total cost (distance) =  26.39 km
Numero veicoli utilizzati =  1
Routes:  [[0, 9, 5, 4, 1, 6, 7, 8, 10, 2, 3, 18, 20, 19, 17, 16, 13, 12, 15, 11, 14, 21]]

Arrival times:
Route: [0, 9, 5, 4, 1, 6, 7, 8, 10, 2, 3, 18, 20, 19, 17, 16, 13, 12, 15, 11, 14, 21]
      Arrival time at node 0 = 0.0
      Arrival time at node 9 = 4.42
      Arrival time at node 5 = 6.968333333300002
      Arrival time at node 4 = 9.7966666666
      Arrival time at node 1 = 12.591666666600002
      Arrival time at node 6 = 30.0
      Arrival time at node 7 = 33.3633333333
      Arrival time at node 8 = 36.928333333299996
      Arrival time at node 10 = 40.77166666659856
      Arrival time at node 2 = 46.728333333298565
      Arrival time at node 3 = 60.0
      Arrival time at node 18 = 70.06000000000003
      Arrival time at node 20 = 71.06000000000003
      Arrival time at node 19 = 72.06000000000003
      Arrival time at node 17 = 73.06000000000003
      Arrival time at node 16 = 74.06000000000002
      Arrival time at node 13 = 82.68666666670002
      Arrival time at node 12 = 83.6866666667
      Arrival time at node 15 = 84.6866666667
      Arrival time at node 11 = 85.6866666667
      Arrival time at node 14 = 114.3883333333
      Arrival time at node 21 = 120.0

Ride times:
Route: [0, 9, 5, 4, 1, 6, 7, 8, 10, 2, 3, 18, 20, 19, 17, 16, 13, 12, 15, 11, 14, 21]
      Ride time client 9 = 66.64000000000003
      Ride time client 5 = 76.71833333340001
      Ride time client 4 = 103.5916666667
      Ride time client 1 = 72.0950000001
      Ride time client 6 = 43.06000000000002
      Ride time client 7 = 38.69666666670003
      Ride time client 8 = 32.131666666700035
      Ride time client 10 = 29.288333333401468
      Ride time client 2 = 35.95833333340144
      Ride time client 3 = 21.68666666670002

Route distances:
Route [0, 9, 5, 4, 1, 6, 7, 8, 10, 2, 3, 18, 20, 19, 17, 16, 13, 12, 15, 11, 14, 21]
Route distance = 26.39 km
TOTAL DISTANCE = 26.3902

Process finished with exit code 0
