C:\Users\andre\Desktop\Multi-Vehicle-DARP\.venv\Scripts\python.exe C:\Users\andre\Desktop\Multi-Vehicle-DARP\Models\PDPTW\Furtado\furtado.py 
num_clients: 180
num_companies: 12
num_vehicles: 12 with maximum capacity 15
Time horizon: 120 minutes
max_route_duration: 120 minutes
max_ride_time_client: 45 minutes
Source =  0 Sink =  361
vehicles =  [0, 1, 2, 3, 4, 5, 6, 7, 8, 9, 10, 11]
All points =  [0, 1, 2, 3, 4, 5, 6, 7, 8, 9, 10, 11, 12, 13, 14, 15, 16, 17, 18, 19, 20, 21, 22, 23, 24, 25, 26, 27, 28, 29, 30, 31, 32, 33, 34, 35, 36, 37, 38, 39, 40, 41, 42, 43, 44, 45, 46, 47, 48, 49, 50, 51, 52, 53, 54, 55, 56, 57, 58, 59, 60, 61, 62, 63, 64, 65, 66, 67, 68, 69, 70, 71, 72, 73, 74, 75, 76, 77, 78, 79, 80, 81, 82, 83, 84, 85, 86, 87, 88, 89, 90, 91, 92, 93, 94, 95, 96, 97, 98, 99, 100, 101, 102, 103, 104, 105, 106, 107, 108, 109, 110, 111, 112, 113, 114, 115, 116, 117, 118, 119, 120, 121, 122, 123, 124, 125, 126, 127, 128, 129, 130, 131, 132, 133, 134, 135, 136, 137, 138, 139, 140, 141, 142, 143, 144, 145, 146, 147, 148, 149, 150, 151, 152, 153, 154, 155, 156, 157, 158, 159, 160, 161, 162, 163, 164, 165, 166, 167, 168, 169, 170, 171, 172, 173, 174, 175, 176, 177, 178, 179, 180, 181, 182, 183, 184, 185, 186, 187, 188, 189, 190, 191, 192, 193, 194, 195, 196, 197, 198, 199, 200, 201, 202, 203, 204, 205, 206, 207, 208, 209, 210, 211, 212, 213, 214, 215, 216, 217, 218, 219, 220, 221, 222, 223, 224, 225, 226, 227, 228, 229, 230, 231, 232, 233, 234, 235, 236, 237, 238, 239, 240, 241, 242, 243, 244, 245, 246, 247, 248, 249, 250, 251, 252, 253, 254, 255, 256, 257, 258, 259, 260, 261, 262, 263, 264, 265, 266, 267, 268, 269, 270, 271, 272, 273, 274, 275, 276, 277, 278, 279, 280, 281, 282, 283, 284, 285, 286, 287, 288, 289, 290, 291, 292, 293, 294, 295, 296, 297, 298, 299, 300, 301, 302, 303, 304, 305, 306, 307, 308, 309, 310, 311, 312, 313, 314, 315, 316, 317, 318, 319, 320, 321, 322, 323, 324, 325, 326, 327, 328, 329, 330, 331, 332, 333, 334, 335, 336, 337, 338, 339, 340, 341, 342, 343, 344, 345, 346, 347, 348, 349, 350, 351, 352, 353, 354, 355, 356, 357, 358, 359, 360, 361]
Points no depots =  [1, 2, 3, 4, 5, 6, 7, 8, 9, 10, 11, 12, 13, 14, 15, 16, 17, 18, 19, 20, 21, 22, 23, 24, 25, 26, 27, 28, 29, 30, 31, 32, 33, 34, 35, 36, 37, 38, 39, 40, 41, 42, 43, 44, 45, 46, 47, 48, 49, 50, 51, 52, 53, 54, 55, 56, 57, 58, 59, 60, 61, 62, 63, 64, 65, 66, 67, 68, 69, 70, 71, 72, 73, 74, 75, 76, 77, 78, 79, 80, 81, 82, 83, 84, 85, 86, 87, 88, 89, 90, 91, 92, 93, 94, 95, 96, 97, 98, 99, 100, 101, 102, 103, 104, 105, 106, 107, 108, 109, 110, 111, 112, 113, 114, 115, 116, 117, 118, 119, 120, 121, 122, 123, 124, 125, 126, 127, 128, 129, 130, 131, 132, 133, 134, 135, 136, 137, 138, 139, 140, 141, 142, 143, 144, 145, 146, 147, 148, 149, 150, 151, 152, 153, 154, 155, 156, 157, 158, 159, 160, 161, 162, 163, 164, 165, 166, 167, 168, 169, 170, 171, 172, 173, 174, 175, 176, 177, 178, 179, 180, 181, 182, 183, 184, 185, 186, 187, 188, 189, 190, 191, 192, 193, 194, 195, 196, 197, 198, 199, 200, 201, 202, 203, 204, 205, 206, 207, 208, 209, 210, 211, 212, 213, 214, 215, 216, 217, 218, 219, 220, 221, 222, 223, 224, 225, 226, 227, 228, 229, 230, 231, 232, 233, 234, 235, 236, 237, 238, 239, 240, 241, 242, 243, 244, 245, 246, 247, 248, 249, 250, 251, 252, 253, 254, 255, 256, 257, 258, 259, 260, 261, 262, 263, 264, 265, 266, 267, 268, 269, 270, 271, 272, 273, 274, 275, 276, 277, 278, 279, 280, 281, 282, 283, 284, 285, 286, 287, 288, 289, 290, 291, 292, 293, 294, 295, 296, 297, 298, 299, 300, 301, 302, 303, 304, 305, 306, 307, 308, 309, 310, 311, 312, 313, 314, 315, 316, 317, 318, 319, 320, 321, 322, 323, 324, 325, 326, 327, 328, 329, 330, 331, 332, 333, 334, 335, 336, 337, 338, 339, 340, 341, 342, 343, 344, 345, 346, 347, 348, 349, 350, 351, 352, 353, 354, 355, 356, 357, 358, 359, 360]
Pickup points =  [1, 2, 3, 4, 5, 6, 7, 8, 9, 10, 11, 12, 13, 14, 15, 16, 17, 18, 19, 20, 21, 22, 23, 24, 25, 26, 27, 28, 29, 30, 31, 32, 33, 34, 35, 36, 37, 38, 39, 40, 41, 42, 43, 44, 45, 46, 47, 48, 49, 50, 51, 52, 53, 54, 55, 56, 57, 58, 59, 60, 61, 62, 63, 64, 65, 66, 67, 68, 69, 70, 71, 72, 73, 74, 75, 76, 77, 78, 79, 80, 81, 82, 83, 84, 85, 86, 87, 88, 89, 90, 91, 92, 93, 94, 95, 96, 97, 98, 99, 100, 101, 102, 103, 104, 105, 106, 107, 108, 109, 110, 111, 112, 113, 114, 115, 116, 117, 118, 119, 120, 121, 122, 123, 124, 125, 126, 127, 128, 129, 130, 131, 132, 133, 134, 135, 136, 137, 138, 139, 140, 141, 142, 143, 144, 145, 146, 147, 148, 149, 150, 151, 152, 153, 154, 155, 156, 157, 158, 159, 160, 161, 162, 163, 164, 165, 166, 167, 168, 169, 170, 171, 172, 173, 174, 175, 176, 177, 178, 179, 180]
Delivery points =  [181, 182, 183, 184, 185, 186, 187, 188, 189, 190, 191, 192, 193, 194, 195, 196, 197, 198, 199, 200, 201, 202, 203, 204, 205, 206, 207, 208, 209, 210, 211, 212, 213, 214, 215, 216, 217, 218, 219, 220, 221, 222, 223, 224, 225, 226, 227, 228, 229, 230, 231, 232, 233, 234, 235, 236, 237, 238, 239, 240, 241, 242, 243, 244, 245, 246, 247, 248, 249, 250, 251, 252, 253, 254, 255, 256, 257, 258, 259, 260, 261, 262, 263, 264, 265, 266, 267, 268, 269, 270, 271, 272, 273, 274, 275, 276, 277, 278, 279, 280, 281, 282, 283, 284, 285, 286, 287, 288, 289, 290, 291, 292, 293, 294, 295, 296, 297, 298, 299, 300, 301, 302, 303, 304, 305, 306, 307, 308, 309, 310, 311, 312, 313, 314, 315, 316, 317, 318, 319, 320, 321, 322, 323, 324, 325, 326, 327, 328, 329, 330, 331, 332, 333, 334, 335, 336, 337, 338, 339, 340, 341, 342, 343, 344, 345, 346, 347, 348, 349, 350, 351, 352, 353, 354, 355, 356, 357, 358, 359, 360]
set1 =  [1, 2, 3, 4, 5, 6, 7, 8, 9, 10, 11, 12, 13, 14, 15, 16, 17, 18, 19, 20, 21, 22, 23, 24, 25, 26, 27, 28, 29, 30, 31, 32, 33, 34, 35, 36, 37, 38, 39, 40, 41, 42, 43, 44, 45, 46, 47, 48, 49, 50, 51, 52, 53, 54, 55, 56, 57, 58, 59, 60, 61, 62, 63, 64, 65, 66, 67, 68, 69, 70, 71, 72, 73, 74, 75, 76, 77, 78, 79, 80, 81, 82, 83, 84, 85, 86, 87, 88, 89, 90, 91, 92, 93, 94, 95, 96, 97, 98, 99, 100, 101, 102, 103, 104, 105, 106, 107, 108, 109, 110, 111, 112, 113, 114, 115, 116, 117, 118, 119, 120, 121, 122, 123, 124, 125, 126, 127, 128, 129, 130, 131, 132, 133, 134, 135, 136, 137, 138, 139, 140, 141, 142, 143, 144, 145, 146, 147, 148, 149, 150, 151, 152, 153, 154, 155, 156, 157, 158, 159, 160, 161, 162, 163, 164, 165, 166, 167, 168, 169, 170, 171, 172, 173, 174, 175, 176, 177, 178, 179, 180, 181, 182, 183, 184, 185, 186, 187, 188, 189, 190, 191, 192, 193, 194, 195, 196, 197, 198, 199, 200, 201, 202, 203, 204, 205, 206, 207, 208, 209, 210, 211, 212, 213, 214, 215, 216, 217, 218, 219, 220, 221, 222, 223, 224, 225, 226, 227, 228, 229, 230, 231, 232, 233, 234, 235, 236, 237, 238, 239, 240, 241, 242, 243, 244, 245, 246, 247, 248, 249, 250, 251, 252, 253, 254, 255, 256, 257, 258, 259, 260, 261, 262, 263, 264, 265, 266, 267, 268, 269, 270, 271, 272, 273, 274, 275, 276, 277, 278, 279, 280, 281, 282, 283, 284, 285, 286, 287, 288, 289, 290, 291, 292, 293, 294, 295, 296, 297, 298, 299, 300, 301, 302, 303, 304, 305, 306, 307, 308, 309, 310, 311, 312, 313, 314, 315, 316, 317, 318, 319, 320, 321, 322, 323, 324, 325, 326, 327, 328, 329, 330, 331, 332, 333, 334, 335, 336, 337, 338, 339, 340, 341, 342, 343, 344, 345, 346, 347, 348, 349, 350, 351, 352, 353, 354, 355, 356, 357, 358, 359, 360, 0]
set2 =  [1, 2, 3, 4, 5, 6, 7, 8, 9, 10, 11, 12, 13, 14, 15, 16, 17, 18, 19, 20, 21, 22, 23, 24, 25, 26, 27, 28, 29, 30, 31, 32, 33, 34, 35, 36, 37, 38, 39, 40, 41, 42, 43, 44, 45, 46, 47, 48, 49, 50, 51, 52, 53, 54, 55, 56, 57, 58, 59, 60, 61, 62, 63, 64, 65, 66, 67, 68, 69, 70, 71, 72, 73, 74, 75, 76, 77, 78, 79, 80, 81, 82, 83, 84, 85, 86, 87, 88, 89, 90, 91, 92, 93, 94, 95, 96, 97, 98, 99, 100, 101, 102, 103, 104, 105, 106, 107, 108, 109, 110, 111, 112, 113, 114, 115, 116, 117, 118, 119, 120, 121, 122, 123, 124, 125, 126, 127, 128, 129, 130, 131, 132, 133, 134, 135, 136, 137, 138, 139, 140, 141, 142, 143, 144, 145, 146, 147, 148, 149, 150, 151, 152, 153, 154, 155, 156, 157, 158, 159, 160, 161, 162, 163, 164, 165, 166, 167, 168, 169, 170, 171, 172, 173, 174, 175, 176, 177, 178, 179, 180, 181, 182, 183, 184, 185, 186, 187, 188, 189, 190, 191, 192, 193, 194, 195, 196, 197, 198, 199, 200, 201, 202, 203, 204, 205, 206, 207, 208, 209, 210, 211, 212, 213, 214, 215, 216, 217, 218, 219, 220, 221, 222, 223, 224, 225, 226, 227, 228, 229, 230, 231, 232, 233, 234, 235, 236, 237, 238, 239, 240, 241, 242, 243, 244, 245, 246, 247, 248, 249, 250, 251, 252, 253, 254, 255, 256, 257, 258, 259, 260, 261, 262, 263, 264, 265, 266, 267, 268, 269, 270, 271, 272, 273, 274, 275, 276, 277, 278, 279, 280, 281, 282, 283, 284, 285, 286, 287, 288, 289, 290, 291, 292, 293, 294, 295, 296, 297, 298, 299, 300, 301, 302, 303, 304, 305, 306, 307, 308, 309, 310, 311, 312, 313, 314, 315, 316, 317, 318, 319, 320, 321, 322, 323, 324, 325, 326, 327, 328, 329, 330, 331, 332, 333, 334, 335, 336, 337, 338, 339, 340, 341, 342, 343, 344, 345, 346, 347, 348, 349, 350, 351, 352, 353, 354, 355, 356, 357, 358, 359, 360, 361]
Association delivery vertex - companies:  {181: 181, 182: 181, 183: 181, 184: 181, 185: 181, 186: 181, 187: 181, 188: 181, 189: 181, 190: 181, 191: 181, 192: 181, 193: 181, 194: 181, 195: 181, 196: 182, 197: 182, 198: 182, 199: 182, 200: 182, 201: 182, 202: 182, 203: 182, 204: 182, 205: 182, 206: 182, 207: 182, 208: 182, 209: 182, 210: 182, 211: 183, 212: 183, 213: 183, 214: 183, 215: 183, 216: 183, 217: 183, 218: 183, 219: 183, 220: 183, 221: 183, 222: 183, 223: 183, 224: 183, 225: 183, 226: 184, 227: 184, 228: 184, 229: 184, 230: 184, 231: 184, 232: 184, 233: 184, 234: 184, 235: 184, 236: 184, 237: 184, 238: 184, 239: 184, 240: 184, 241: 185, 242: 185, 243: 185, 244: 185, 245: 185, 246: 185, 247: 185, 248: 185, 249: 185, 250: 185, 251: 185, 252: 185, 253: 185, 254: 185, 255: 185, 256: 186, 257: 186, 258: 186, 259: 186, 260: 186, 261: 186, 262: 186, 263: 186, 264: 186, 265: 186, 266: 186, 267: 186, 268: 186, 269: 186, 270: 186, 271: 187, 272: 187, 273: 187, 274: 187, 275: 187, 276: 187, 277: 187, 278: 187, 279: 187, 280: 187, 281: 187, 282: 187, 283: 187, 284: 187, 285: 187, 286: 188, 287: 188, 288: 188, 289: 188, 290: 188, 291: 188, 292: 188, 293: 188, 294: 188, 295: 188, 296: 188, 297: 188, 298: 188, 299: 188, 300: 188, 301: 189, 302: 189, 303: 189, 304: 189, 305: 189, 306: 189, 307: 189, 308: 189, 309: 189, 310: 189, 311: 189, 312: 189, 313: 189, 314: 189, 315: 189, 316: 190, 317: 190, 318: 190, 319: 190, 320: 190, 321: 190, 322: 190, 323: 190, 324: 190, 325: 190, 326: 190, 327: 190, 328: 190, 329: 190, 330: 190, 331: 191, 332: 191, 333: 191, 334: 191, 335: 191, 336: 191, 337: 191, 338: 191, 339: 191, 340: 191, 341: 191, 342: 191, 343: 191, 344: 191, 345: 191, 346: 192, 347: 192, 348: 192, 349: 192, 350: 192, 351: 192, 352: 192, 353: 192, 354: 192, 355: 192, 356: 192, 357: 192, 358: 192, 359: 192, 360: 192}
Distances [km]:
Times [min]:
Cost:
Service time: {0: 0, 1: 1, 2: 1, 3: 1, 4: 1, 5: 1, 6: 1, 7: 1, 8: 1, 9: 1, 10: 1, 11: 1, 12: 1, 13: 1, 14: 1, 15: 1, 16: 1, 17: 1, 18: 1, 19: 1, 20: 1, 21: 1, 22: 1, 23: 1, 24: 1, 25: 1, 26: 1, 27: 1, 28: 1, 29: 1, 30: 1, 31: 1, 32: 1, 33: 1, 34: 1, 35: 1, 36: 1, 37: 1, 38: 1, 39: 1, 40: 1, 41: 1, 42: 1, 43: 1, 44: 1, 45: 1, 46: 1, 47: 1, 48: 1, 49: 1, 50: 1, 51: 1, 52: 1, 53: 1, 54: 1, 55: 1, 56: 1, 57: 1, 58: 1, 59: 1, 60: 1, 61: 1, 62: 1, 63: 1, 64: 1, 65: 1, 66: 1, 67: 1, 68: 1, 69: 1, 70: 1, 71: 1, 72: 1, 73: 1, 74: 1, 75: 1, 76: 1, 77: 1, 78: 1, 79: 1, 80: 1, 81: 1, 82: 1, 83: 1, 84: 1, 85: 1, 86: 1, 87: 1, 88: 1, 89: 1, 90: 1, 91: 1, 92: 1, 93: 1, 94: 1, 95: 1, 96: 1, 97: 1, 98: 1, 99: 1, 100: 1, 101: 1, 102: 1, 103: 1, 104: 1, 105: 1, 106: 1, 107: 1, 108: 1, 109: 1, 110: 1, 111: 1, 112: 1, 113: 1, 114: 1, 115: 1, 116: 1, 117: 1, 118: 1, 119: 1, 120: 1, 121: 1, 122: 1, 123: 1, 124: 1, 125: 1, 126: 1, 127: 1, 128: 1, 129: 1, 130: 1, 131: 1, 132: 1, 133: 1, 134: 1, 135: 1, 136: 1, 137: 1, 138: 1, 139: 1, 140: 1, 141: 1, 142: 1, 143: 1, 144: 1, 145: 1, 146: 1, 147: 1, 148: 1, 149: 1, 150: 1, 151: 1, 152: 1, 153: 1, 154: 1, 155: 1, 156: 1, 157: 1, 158: 1, 159: 1, 160: 1, 161: 1, 162: 1, 163: 1, 164: 1, 165: 1, 166: 1, 167: 1, 168: 1, 169: 1, 170: 1, 171: 1, 172: 1, 173: 1, 174: 1, 175: 1, 176: 1, 177: 1, 178: 1, 179: 1, 180: 1, 181: 1, 182: 1, 183: 1, 184: 1, 185: 1, 186: 1, 187: 1, 188: 1, 189: 1, 190: 1, 191: 1, 192: 1, 193: 1, 194: 1, 195: 1, 196: 1, 197: 1, 198: 1, 199: 1, 200: 1, 201: 1, 202: 1, 203: 1, 204: 1, 205: 1, 206: 1, 207: 1, 208: 1, 209: 1, 210: 1, 211: 1, 212: 1, 213: 1, 214: 1, 215: 1, 216: 1, 217: 1, 218: 1, 219: 1, 220: 1, 221: 1, 222: 1, 223: 1, 224: 1, 225: 1, 226: 1, 227: 1, 228: 1, 229: 1, 230: 1, 231: 1, 232: 1, 233: 1, 234: 1, 235: 1, 236: 1, 237: 1, 238: 1, 239: 1, 240: 1, 241: 1, 242: 1, 243: 1, 244: 1, 245: 1, 246: 1, 247: 1, 248: 1, 249: 1, 250: 1, 251: 1, 252: 1, 253: 1, 254: 1, 255: 1, 256: 1, 257: 1, 258: 1, 259: 1, 260: 1, 261: 1, 262: 1, 263: 1, 264: 1, 265: 1, 266: 1, 267: 1, 268: 1, 269: 1, 270: 1, 271: 1, 272: 1, 273: 1, 274: 1, 275: 1, 276: 1, 277: 1, 278: 1, 279: 1, 280: 1, 281: 1, 282: 1, 283: 1, 284: 1, 285: 1, 286: 1, 287: 1, 288: 1, 289: 1, 290: 1, 291: 1, 292: 1, 293: 1, 294: 1, 295: 1, 296: 1, 297: 1, 298: 1, 299: 1, 300: 1, 301: 1, 302: 1, 303: 1, 304: 1, 305: 1, 306: 1, 307: 1, 308: 1, 309: 1, 310: 1, 311: 1, 312: 1, 313: 1, 314: 1, 315: 1, 316: 1, 317: 1, 318: 1, 319: 1, 320: 1, 321: 1, 322: 1, 323: 1, 324: 1, 325: 1, 326: 1, 327: 1, 328: 1, 329: 1, 330: 1, 331: 1, 332: 1, 333: 1, 334: 1, 335: 1, 336: 1, 337: 1, 338: 1, 339: 1, 340: 1, 341: 1, 342: 1, 343: 1, 344: 1, 345: 1, 346: 1, 347: 1, 348: 1, 349: 1, 350: 1, 351: 1, 352: 1, 353: 1, 354: 1, 355: 1, 356: 1, 357: 1, 358: 1, 359: 1, 360: 1, 361: 0}
Demand:  {0: 0, 1: 1, 2: 1, 3: 1, 4: 1, 5: 1, 6: 1, 7: 1, 8: 1, 9: 1, 10: 1, 11: 1, 12: 1, 13: 1, 14: 1, 15: 1, 16: 1, 17: 1, 18: 1, 19: 1, 20: 1, 21: 1, 22: 1, 23: 1, 24: 1, 25: 1, 26: 1, 27: 1, 28: 1, 29: 1, 30: 1, 31: 1, 32: 1, 33: 1, 34: 1, 35: 1, 36: 1, 37: 1, 38: 1, 39: 1, 40: 1, 41: 1, 42: 1, 43: 1, 44: 1, 45: 1, 46: 1, 47: 1, 48: 1, 49: 1, 50: 1, 51: 1, 52: 1, 53: 1, 54: 1, 55: 1, 56: 1, 57: 1, 58: 1, 59: 1, 60: 1, 61: 1, 62: 1, 63: 1, 64: 1, 65: 1, 66: 1, 67: 1, 68: 1, 69: 1, 70: 1, 71: 1, 72: 1, 73: 1, 74: 1, 75: 1, 76: 1, 77: 1, 78: 1, 79: 1, 80: 1, 81: 1, 82: 1, 83: 1, 84: 1, 85: 1, 86: 1, 87: 1, 88: 1, 89: 1, 90: 1, 91: 1, 92: 1, 93: 1, 94: 1, 95: 1, 96: 1, 97: 1, 98: 1, 99: 1, 100: 1, 101: 1, 102: 1, 103: 1, 104: 1, 105: 1, 106: 1, 107: 1, 108: 1, 109: 1, 110: 1, 111: 1, 112: 1, 113: 1, 114: 1, 115: 1, 116: 1, 117: 1, 118: 1, 119: 1, 120: 1, 121: 1, 122: 1, 123: 1, 124: 1, 125: 1, 126: 1, 127: 1, 128: 1, 129: 1, 130: 1, 131: 1, 132: 1, 133: 1, 134: 1, 135: 1, 136: 1, 137: 1, 138: 1, 139: 1, 140: 1, 141: 1, 142: 1, 143: 1, 144: 1, 145: 1, 146: 1, 147: 1, 148: 1, 149: 1, 150: 1, 151: 1, 152: 1, 153: 1, 154: 1, 155: 1, 156: 1, 157: 1, 158: 1, 159: 1, 160: 1, 161: 1, 162: 1, 163: 1, 164: 1, 165: 1, 166: 1, 167: 1, 168: 1, 169: 1, 170: 1, 171: 1, 172: 1, 173: 1, 174: 1, 175: 1, 176: 1, 177: 1, 178: 1, 179: 1, 180: 1, 181: -1, 182: -1, 183: -1, 184: -1, 185: -1, 186: -1, 187: -1, 188: -1, 189: -1, 190: -1, 191: -1, 192: -1, 193: -1, 194: -1, 195: -1, 196: -1, 197: -1, 198: -1, 199: -1, 200: -1, 201: -1, 202: -1, 203: -1, 204: -1, 205: -1, 206: -1, 207: -1, 208: -1, 209: -1, 210: -1, 211: -1, 212: -1, 213: -1, 214: -1, 215: -1, 216: -1, 217: -1, 218: -1, 219: -1, 220: -1, 221: -1, 222: -1, 223: -1, 224: -1, 225: -1, 226: -1, 227: -1, 228: -1, 229: -1, 230: -1, 231: -1, 232: -1, 233: -1, 234: -1, 235: -1, 236: -1, 237: -1, 238: -1, 239: -1, 240: -1, 241: -1, 242: -1, 243: -1, 244: -1, 245: -1, 246: -1, 247: -1, 248: -1, 249: -1, 250: -1, 251: -1, 252: -1, 253: -1, 254: -1, 255: -1, 256: -1, 257: -1, 258: -1, 259: -1, 260: -1, 261: -1, 262: -1, 263: -1, 264: -1, 265: -1, 266: -1, 267: -1, 268: -1, 269: -1, 270: -1, 271: -1, 272: -1, 273: -1, 274: -1, 275: -1, 276: -1, 277: -1, 278: -1, 279: -1, 280: -1, 281: -1, 282: -1, 283: -1, 284: -1, 285: -1, 286: -1, 287: -1, 288: -1, 289: -1, 290: -1, 291: -1, 292: -1, 293: -1, 294: -1, 295: -1, 296: -1, 297: -1, 298: -1, 299: -1, 300: -1, 301: -1, 302: -1, 303: -1, 304: -1, 305: -1, 306: -1, 307: -1, 308: -1, 309: -1, 310: -1, 311: -1, 312: -1, 313: -1, 314: -1, 315: -1, 316: -1, 317: -1, 318: -1, 319: -1, 320: -1, 321: -1, 322: -1, 323: -1, 324: -1, 325: -1, 326: -1, 327: -1, 328: -1, 329: -1, 330: -1, 331: -1, 332: -1, 333: -1, 334: -1, 335: -1, 336: -1, 337: -1, 338: -1, 339: -1, 340: -1, 341: -1, 342: -1, 343: -1, 344: -1, 345: -1, 346: -1, 347: -1, 348: -1, 349: -1, 350: -1, 351: -1, 352: -1, 353: -1, 354: -1, 355: -1, 356: -1, 357: -1, 358: -1, 359: -1, 360: -1, 361: 0}
Earliest time:  {0: 0, 1: 0, 2: 30, 3: 60, 4: 0, 5: 0, 6: 0, 7: 30, 8: 30, 9: 0, 10: 30, 11: 0, 12: 30, 13: 60, 14: 0, 15: 0, 16: 0, 17: 30, 18: 30, 19: 0, 20: 30, 21: 30, 22: 30, 23: 0, 24: 30, 25: 0, 26: 30, 27: 60, 28: 0, 29: 0, 30: 30, 31: 30, 32: 30, 33: 0, 34: 30, 35: 30, 36: 30, 37: 0, 38: 30, 39: 30, 40: 0, 41: 30, 42: 30, 43: 0, 44: 30, 45: 30, 46: 30, 47: 0, 48: 30, 49: 0, 50: 30, 51: 0, 52: 0, 53: 30, 54: 30, 55: 0, 56: 30, 57: 0, 58: 30, 59: 60, 60: 0, 61: 30, 62: 30, 63: 0, 64: 30, 65: 30, 66: 0, 67: 30, 68: 30, 69: 0, 70: 30, 71: 30, 72: 0, 73: 30, 74: 60, 75: 0, 76: 30, 77: 60, 78: 0, 79: 30, 80: 0, 81: 30, 82: 30, 83: 30, 84: 0, 85: 30, 86: 0, 87: 30, 88: 0, 89: 0, 90: 30, 91: 30, 92: 0, 93: 30, 94: 60, 95: 0, 96: 30, 97: 30, 98: 0, 99: 30, 100: 30, 101: 0, 102: 30, 103: 30, 104: 0, 105: 30, 106: 30, 107: 0, 108: 30, 109: 30, 110: 30, 111: 30, 112: 0, 113: 30, 114: 0, 115: 0, 116: 30, 117: 30, 118: 0, 119: 30, 120: 60, 121: 0, 122: 0, 123: 0, 124: 30, 125: 30, 126: 0, 127: 30, 128: 0, 129: 30, 130: 60, 131: 30, 132: 30, 133: 30, 134: 0, 135: 30, 136: 0, 137: 30, 138: 60, 139: 0, 140: 30, 141: 30, 142: 0, 143: 30, 144: 30, 145: 0, 146: 30, 147: 30, 148: 0, 149: 30, 150: 30, 151: 0, 152: 30, 153: 30, 154: 30, 155: 30, 156: 0, 157: 30, 158: 0, 159: 0, 160: 30, 161: 0, 162: 30, 163: 0, 164: 30, 165: 60, 166: 0, 167: 30, 168: 30, 169: 0, 170: 30, 171: 30, 172: 0, 173: 30, 174: 30, 175: 30, 176: 0, 177: 30, 178: 0, 179: 30, 180: 30, 181: 0, 182: 0, 183: 0, 184: 0, 185: 0, 186: 0, 187: 0, 188: 0, 189: 0, 190: 0, 191: 0, 192: 0, 193: 0, 194: 0, 195: 0, 196: 0, 197: 0, 198: 0, 199: 0, 200: 0, 201: 0, 202: 0, 203: 0, 204: 0, 205: 0, 206: 0, 207: 0, 208: 0, 209: 0, 210: 0, 211: 0, 212: 0, 213: 0, 214: 0, 215: 0, 216: 0, 217: 0, 218: 0, 219: 0, 220: 0, 221: 0, 222: 0, 223: 0, 224: 0, 225: 0, 226: 0, 227: 0, 228: 0, 229: 0, 230: 0, 231: 0, 232: 0, 233: 0, 234: 0, 235: 0, 236: 0, 237: 0, 238: 0, 239: 0, 240: 0, 241: 0, 242: 0, 243: 0, 244: 0, 245: 0, 246: 0, 247: 0, 248: 0, 249: 0, 250: 0, 251: 0, 252: 0, 253: 0, 254: 0, 255: 0, 256: 0, 257: 0, 258: 0, 259: 0, 260: 0, 261: 0, 262: 0, 263: 0, 264: 0, 265: 0, 266: 0, 267: 0, 268: 0, 269: 0, 270: 0, 271: 0, 272: 0, 273: 0, 274: 0, 275: 0, 276: 0, 277: 0, 278: 0, 279: 0, 280: 0, 281: 0, 282: 0, 283: 0, 284: 0, 285: 0, 286: 0, 287: 0, 288: 0, 289: 0, 290: 0, 291: 0, 292: 0, 293: 0, 294: 0, 295: 0, 296: 0, 297: 0, 298: 0, 299: 0, 300: 0, 301: 0, 302: 0, 303: 0, 304: 0, 305: 0, 306: 0, 307: 0, 308: 0, 309: 0, 310: 0, 311: 0, 312: 0, 313: 0, 314: 0, 315: 0, 316: 0, 317: 0, 318: 0, 319: 0, 320: 0, 321: 0, 322: 0, 323: 0, 324: 0, 325: 0, 326: 0, 327: 0, 328: 0, 329: 0, 330: 0, 331: 0, 332: 0, 333: 0, 334: 0, 335: 0, 336: 0, 337: 0, 338: 0, 339: 0, 340: 0, 341: 0, 342: 0, 343: 0, 344: 0, 345: 0, 346: 0, 347: 0, 348: 0, 349: 0, 350: 0, 351: 0, 352: 0, 353: 0, 354: 0, 355: 0, 356: 0, 357: 0, 358: 0, 359: 0, 360: 0, 361: 0}
Latest time:  {0: 120, 1: 30, 2: 60, 3: 90, 4: 30, 5: 30, 6: 30, 7: 60, 8: 60, 9: 30, 10: 60, 11: 30, 12: 60, 13: 90, 14: 30, 15: 30, 16: 30, 17: 60, 18: 60, 19: 30, 20: 60, 21: 60, 22: 60, 23: 30, 24: 60, 25: 30, 26: 60, 27: 90, 28: 30, 29: 30, 30: 60, 31: 60, 32: 60, 33: 30, 34: 60, 35: 60, 36: 60, 37: 30, 38: 60, 39: 60, 40: 30, 41: 60, 42: 60, 43: 30, 44: 60, 45: 60, 46: 60, 47: 30, 48: 60, 49: 30, 50: 60, 51: 30, 52: 30, 53: 60, 54: 60, 55: 30, 56: 60, 57: 30, 58: 60, 59: 90, 60: 30, 61: 60, 62: 60, 63: 30, 64: 60, 65: 60, 66: 30, 67: 60, 68: 60, 69: 30, 70: 60, 71: 60, 72: 30, 73: 60, 74: 90, 75: 30, 76: 60, 77: 90, 78: 30, 79: 60, 80: 30, 81: 60, 82: 60, 83: 60, 84: 30, 85: 60, 86: 30, 87: 60, 88: 30, 89: 30, 90: 60, 91: 60, 92: 30, 93: 60, 94: 90, 95: 30, 96: 60, 97: 60, 98: 30, 99: 60, 100: 60, 101: 30, 102: 60, 103: 60, 104: 30, 105: 60, 106: 60, 107: 30, 108: 60, 109: 60, 110: 60, 111: 60, 112: 30, 113: 60, 114: 30, 115: 30, 116: 60, 117: 60, 118: 30, 119: 60, 120: 90, 121: 30, 122: 30, 123: 30, 124: 60, 125: 60, 126: 30, 127: 60, 128: 30, 129: 60, 130: 90, 131: 60, 132: 60, 133: 60, 134: 30, 135: 60, 136: 30, 137: 60, 138: 90, 139: 30, 140: 60, 141: 60, 142: 30, 143: 60, 144: 60, 145: 30, 146: 60, 147: 60, 148: 30, 149: 60, 150: 60, 151: 30, 152: 60, 153: 60, 154: 60, 155: 60, 156: 30, 157: 60, 158: 30, 159: 30, 160: 60, 161: 30, 162: 60, 163: 30, 164: 60, 165: 90, 166: 30, 167: 60, 168: 60, 169: 30, 170: 60, 171: 60, 172: 30, 173: 60, 174: 60, 175: 60, 176: 30, 177: 60, 178: 30, 179: 60, 180: 60, 181: 120, 182: 120, 183: 120, 184: 120, 185: 120, 186: 120, 187: 120, 188: 120, 189: 120, 190: 120, 191: 120, 192: 120, 193: 120, 194: 120, 195: 120, 196: 120, 197: 120, 198: 120, 199: 120, 200: 120, 201: 120, 202: 120, 203: 120, 204: 120, 205: 120, 206: 120, 207: 120, 208: 120, 209: 120, 210: 120, 211: 120, 212: 120, 213: 120, 214: 120, 215: 120, 216: 120, 217: 120, 218: 120, 219: 120, 220: 120, 221: 120, 222: 120, 223: 120, 224: 120, 225: 120, 226: 120, 227: 120, 228: 120, 229: 120, 230: 120, 231: 120, 232: 120, 233: 120, 234: 120, 235: 120, 236: 120, 237: 120, 238: 120, 239: 120, 240: 120, 241: 120, 242: 120, 243: 120, 244: 120, 245: 120, 246: 120, 247: 120, 248: 120, 249: 120, 250: 120, 251: 120, 252: 120, 253: 120, 254: 120, 255: 120, 256: 120, 257: 120, 258: 120, 259: 120, 260: 120, 261: 120, 262: 120, 263: 120, 264: 120, 265: 120, 266: 120, 267: 120, 268: 120, 269: 120, 270: 120, 271: 120, 272: 120, 273: 120, 274: 120, 275: 120, 276: 120, 277: 120, 278: 120, 279: 120, 280: 120, 281: 120, 282: 120, 283: 120, 284: 120, 285: 120, 286: 120, 287: 120, 288: 120, 289: 120, 290: 120, 291: 120, 292: 120, 293: 120, 294: 120, 295: 120, 296: 120, 297: 120, 298: 120, 299: 120, 300: 120, 301: 120, 302: 120, 303: 120, 304: 120, 305: 120, 306: 120, 307: 120, 308: 120, 309: 120, 310: 120, 311: 120, 312: 120, 313: 120, 314: 120, 315: 120, 316: 120, 317: 120, 318: 120, 319: 120, 320: 120, 321: 120, 322: 120, 323: 120, 324: 120, 325: 120, 326: 120, 327: 120, 328: 120, 329: 120, 330: 120, 331: 120, 332: 120, 333: 120, 334: 120, 335: 120, 336: 120, 337: 120, 338: 120, 339: 120, 340: 120, 341: 120, 342: 120, 343: 120, 344: 120, 345: 120, 346: 120, 347: 120, 348: 120, 349: 120, 350: 120, 351: 120, 352: 120, 353: 120, 354: 120, 355: 120, 356: 120, 357: 120, 358: 120, 359: 120, 360: 120, 361: 120}
Tempo medio = 13.36234426350395 minutes
Distanza media = 9.545979314581363 km
IL NUMERO DI VEICOLI NON È IMPOSTO MA SCELTO DAL MODELLO!
Vehicle capacity 15
num clients =  180
PDPTW Compact formulation
Set parameter Username
Academic license - for non-commercial use only - expires 2024-12-04
Discarded solution information
Set parameter TimeLimit to value 600
Set parameter InfUnbdInfo to value 1
Gurobi Optimizer version 11.0.0 build v11.0.0rc2 (win64 - Windows 11.0 (22621.2))

CPU model: Intel(R) Core(TM) i7-8550U CPU @ 1.80GHz, instruction set [SSE2|AVX|AVX2]
Thread count: 4 physical cores, 8 logical processors, using up to 8 threads

Optimize a model with 261728 rows, 132128 columns and 1038247 nonzeros
Model fingerprint: 0x1c07d33a
Model has 259922 general constraints
Variable types: 1084 continuous, 131044 integer (131044 binary)
Coefficient statistics:
  Matrix range     [1e+00, 4e+02]
  Objective range  [2e-03, 4e+01]
  Bounds range     [1e+00, 1e+00]
  RHS range        [1e+00, 2e+02]
  GenCon rhs range [1e+00, 5e+01]
  GenCon coe range [1e+00, 1e+00]
Presolve removed 103172 rows and 78724 columns (presolve time = 5s) ...
Presolve removed 103172 rows and 78724 columns (presolve time = 10s) ...
Presolve removed 103172 rows and 78724 columns (presolve time = 15s) ...
Presolve removed 103172 rows and 78724 columns (presolve time = 20s) ...
Presolve added 152470 rows and 0 columns
Presolve removed 0 rows and 26065 columns
Presolve time: 23.44s
Presolved: 414198 rows, 106063 columns, 1449433 nonzeros
Variable types: 900 continuous, 105163 integer (105163 binary)
Found heuristic solution: objective 4519.1762000

Deterministic concurrent LP optimizer: primal simplex, dual simplex, and barrier
Showing barrier log only...

Root barrier log...

Ordering time: 0.36s

Barrier statistics:
 Dense cols : 900
 AA' NZ     : 2.368e+06
 Factor NZ  : 5.525e+06 (roughly 260 MB of memory)
 Factor Ops : 1.301e+09 (less than 1 second per iteration)
 Threads    : 2

                  Objective                Residual
Iter       Primal          Dual         Primal    Dual     Compl     Time
   0   1.00392604e+07 -5.68311528e+04  5.81e+04 1.78e-15  1.61e+03    34s
   1   6.36194869e+06 -3.36454137e+07  3.69e+04 2.19e-11  9.60e+02    34s
   2   1.11640477e+06 -2.76991857e+07  6.48e+03 2.84e-11  1.86e+02    35s
   3   4.78669720e+05 -2.21922757e+07  2.77e+03 1.53e-11  8.84e+01    36s
   4   2.17545230e+05 -8.24101840e+06  1.25e+03 1.07e-11  2.84e+01    37s
   5   2.70048559e+04 -1.10661764e+06  1.37e+02 6.02e-12  2.78e+00    38s
   6   7.04327629e+03 -1.94932812e+05  2.13e+01 1.36e-12  4.33e-01    38s
   7   4.36913152e+03 -1.37875309e+05  6.04e+00 8.75e-13  2.52e-01    39s
   8   3.25811590e+03 -5.76753852e+04  1.25e-12 3.44e-13  9.74e-02    39s
   9   3.08388231e+03 -2.91973535e+04  5.33e-13 1.75e-13  5.16e-02    39s
  10   2.82393318e+03 -2.38366239e+04  1.36e-12 1.44e-13  4.26e-02    40s
  11   2.55558054e+03 -1.58910770e+04  8.74e-13 9.81e-14  2.95e-02    40s
  12   2.38170366e+03 -8.40153054e+03  5.08e-13 5.26e-14  1.72e-02    41s
  13   2.17537732e+03 -5.37089175e+03  2.17e-13 3.65e-14  1.21e-02    41s
  14   1.61141543e+03 -3.48758492e+03  2.75e-13 2.51e-14  8.15e-03    41s
  15   1.08054501e+03 -1.85719580e+03  1.04e-12 1.32e-14  4.70e-03    42s
  16   7.63832746e+02 -1.06275993e+03  2.92e-12 7.76e-15  2.92e-03    42s

Barrier performed 16 iterations in 42.37 seconds (22.91 work units)
Barrier solve interrupted - model solved by another algorithm

Concurrent spin time: 4.26s (can be avoided by choosing Method=3)

Solved with primal simplex

Root relaxation: objective 1.810224e+02, 3500 iterations, 12.20 seconds (4.54 work units)
Total elapsed time = 42.45s (DegenMoves)
Total elapsed time = 45.16s (DegenMoves)

    Nodes    |    Current Node    |     Objective Bounds      |     Work
 Expl Unexpl |  Obj  Depth IntInf | Incumbent    BestBd   Gap | It/Node Time

     0     0  181.02245    0  300 4519.17620  181.02245  96.0%     -   46s
H    0     0                    4219.1924000  181.02245  95.7%     -   57s
     0     0  185.02264    0  387 4219.19240  185.02264  95.6%     -   63s
H    0     0                    2553.0078000  185.51111  92.7%     -   81s
     0     0  200.59030    0  553 2553.00780  200.59030  92.1%     -   82s
     0     0  200.59030    0  546 2553.00780  200.59030  92.1%     -   83s
     0     0  200.66082    0  579 2553.00780  200.66082  92.1%     -   90s
     0     0  201.23661    0  653 2553.00780  201.23661  92.1%     -   94s
     0     0  201.89374    0  664 2553.00780  201.89374  92.1%     -   95s
     0     0  202.37905    0  662 2553.00780  202.37905  92.1%     -   96s
     0     0  202.39199    0  651 2553.00780  202.39199  92.1%     -   97s
     0     0  202.39199    0  664 2553.00780  202.39199  92.1%     -   98s
     0     0  205.63623    0  675 2553.00780  205.63623  91.9%     -  107s
     0     0  206.39008    0  623 2553.00780  206.39008  91.9%     -  109s
     0     0  208.99631    0  641 2553.00780  208.99631  91.8%     -  116s
     0     0  209.20717    0  680 2553.00780  209.20717  91.8%     -  119s
     0     0  209.20717    0  655 2553.00780  209.20717  91.8%     -  120s
     0     0  209.36966    0  651 2553.00780  209.36966  91.8%     -  124s
     0     0  209.47271    0  627 2553.00780  209.47271  91.8%     -  127s
     0     0  209.47271    0  620 2553.00780  209.47271  91.8%     -  131s
     0     0  211.96769    0  669 2553.00780  211.96769  91.7%     -  134s
     0     0  211.96769    0  605 2553.00780  211.96769  91.7%     -  135s
     0     0  211.96769    0  649 2553.00780  211.96769  91.7%     -  139s
     0     0  211.96769    0  641 2553.00780  211.96769  91.7%     -  141s
     0     0  211.96769    0  640 2553.00780  211.96769  91.7%     -  142s
     0     0  211.96769    0  620 2553.00780  211.96769  91.7%     -  143s
     0     0  211.96769    0  625 2553.00780  211.96769  91.7%     -  146s
     0     0  211.96769    0  638 2553.00780  211.96769  91.7%     -  148s
     0     0  211.96769    0  639 2553.00780  211.96769  91.7%     -  151s
     0     0  211.96769    0  644 2553.00780  211.96769  91.7%     -  153s
     0     0  211.96769    0  643 2553.00780  211.96769  91.7%     -  154s
     0     0  211.96769    0  337 2553.00780  211.96769  91.7%     -  162s
     0     0  211.96769    0  435 2553.00780  211.96769  91.7%     -  164s
     0     0  211.96769    0  490 2553.00780  211.96769  91.7%     -  166s
     0     0  211.96769    0  506 2553.00780  211.96769  91.7%     -  169s
     0     0  211.96769    0  496 2553.00780  211.96769  91.7%     -  171s
     0     0  211.96769    0  572 2553.00780  211.96769  91.7%     -  174s
     0     0  211.96769    0  520 2553.00780  211.96769  91.7%     -  176s
     0     0  211.96769    0  332 2553.00780  211.96769  91.7%     -  183s
     0     0  211.96769    0  329 2553.00780  211.96769  91.7%     -  186s
     0     2  211.96822    0  329 2553.00780  211.96822  91.7%     -  206s
     3     8  211.96822    2  402 2553.00780  211.96822  91.7%   915  214s
     7    12  213.39339    3  470 2553.00780  213.39339  91.6%   820  219s
    11    15  213.54149    3  504 2553.00780  213.51369  91.6%   883  226s
    15    19  219.03447    4  472 2553.00780  213.54149  91.6%   956  230s
    23    27  219.05294    5  464 2553.00780  213.54149  91.6%   739  236s
H   27    30                    1908.4098000  213.54149  88.8%   665  461s
H   28    30                    1888.2003000  213.54149  88.7%   647  461s
H   30    30                    1734.1494000  213.54149  87.7%   608  461s
    31    34  223.40643    6  554 1734.14940  213.54149  87.7%   623  468s
    36    39  219.86629    7  426 1734.14940  213.54149  87.7%   545  470s
    53    51  224.45117   11  379 1734.14940  213.54149  87.7%   388  476s
    69    56 infeasible   12      1734.14940  214.14341  87.7%   308  482s
    77    58  219.64209    5  533 1734.14940  214.14341  87.7%   306  486s
    82    62  223.27981    5  562 1734.14940  214.14341  87.7%   318  491s
    88    64  224.02639    6  519 1734.14940  214.14341  87.7%   303  496s
    98    67  224.08858    8  521 1734.14940  214.14341  87.7%   296  501s
   104    68 infeasible   10      1734.14940  214.44317  87.6%   319  505s
   112    71  220.12266    6  474 1734.14940  215.17414  87.6%   315  512s
   118    78  224.07024    7  458 1734.14940  215.17414  87.6%   340  516s
   129    89  225.59996    8  459 1734.14940  215.17414  87.6%   327  520s
   159   111  225.92179   13  501 1734.14940  215.17414  87.6%   277  530s
   184   128  226.03489   16  502 1734.14940  215.17414  87.6%   244  541s
   198   134  226.24791   18  467 1734.14940  215.17414  87.6%   229  547s
   212   140  226.53675   20  465 1734.14940  215.17414  87.6%   221  552s
   223   147  227.14624   21  481 1734.14940  215.17414  87.6%   214  557s
   234   154  227.18111   22  498 1734.14940  215.17414  87.6%   208  563s
   243   160  228.21902   24  493 1734.14940  215.17414  87.6%   202  569s
   253   165  228.72674   25  517 1734.14940  215.17414  87.6%   197  574s
   265   174  228.93267   27  516 1734.14940  215.17414  87.6%   192  580s
   277   180 infeasible   30      1734.14940  215.17414  87.6%   186  588s
   290   183 infeasible   32      1734.14940  215.17414  87.6%   181  595s
   304   187  232.79211   35  540 1734.14940  215.17414  87.6%   183  600s

Cutting planes:
  Learned: 1
  Gomory: 13
  Lift-and-project: 1
  Cover: 20
  Implied bound: 293
  Clique: 3
  MIR: 327
  StrongCG: 1
  GUB cover: 1
  Zero half: 2
  RLT: 73
  Relax-and-lift: 1000
  BQP: 62
  PSD: 20

Explored 310 nodes (107697 simplex iterations) in 600.54 seconds (682.90 work units)
Thread count was 8 (of 8 available processors)

Solution count 6: 1734.15 1888.2 1908.41 ... 4519.18

Time limit reached
Best objective 1.734149400000e+03, best bound 2.151741416158e+02, gap 87.5919%
Total cost (distance) =  1734.149 km
Sol = {(0, 158), (329, 324), (0, 5), (248, 79), (140, 137), (262, 261), (236, 361), (0, 23), (111, 110), (151, 155), (41, 42), (141, 138), (295, 294), (233, 230), (332, 361), (0, 144), (214, 225), (126, 121), (207, 204), (210, 209), (280, 283), (52, 19), (217, 361), (110, 109), (81, 82), (0, 103), (116, 296), (249, 169), (117, 297), (304, 361), (287, 290), (58, 238), (90, 270), (180, 173), (107, 112), (83, 2), (150, 330), (31, 211), (320, 323), (91, 271), (310, 309), (32, 212), (313, 311), (64, 244), (0, 98), (0, 107), (84, 88), (228, 361), (239, 361), (65, 245), (97, 277), (181, 20), (157, 337), (206, 202), (252, 80), (6, 186), (296, 361), (190, 361), (19, 232), (80, 89), (331, 336), (247, 361), (0, 75), (269, 361), (0, 84), (321, 319), (72, 252), (0, 93), (146, 147), (179, 180), (63, 243), (191, 181), (50, 53), (29, 30), (4, 184), (69, 66), (316, 361), (132, 131), (0, 70), (131, 135), (255, 49), (24, 27), (184, 16), (103, 100), (87, 83), (11, 191), (71, 251), (163, 343), (42, 44), (12, 192), (241, 253), (309, 308), (101, 102), (0, 56), (299, 361), (0, 92), (105, 285), (137, 317), (215, 236), (143, 140), (78, 258), (261, 361), (138, 318), (170, 350), (275, 134), (231, 118), (212, 361), (223, 361), (232, 199), (0, 51), (0, 69), (194, 163), (53, 233), (334, 332), (291, 361), (254, 241), (177, 357), (26, 206), (323, 322), (118, 298), (178, 358), (253, 361), (46, 59), (256, 259), (27, 207), (49, 55), (182, 90), (289, 292), (0, 37), (341, 339), (333, 335), (204, 361), (349, 361), (263, 267), (0, 64), (358, 10), (59, 226), (315, 313), (115, 148), (205, 60), (0, 176), (234, 361), (149, 146), (25, 205), (264, 361), (0, 41), (142, 143), (0, 50), (196, 361), (112, 111), (0, 68), (185, 104), (359, 360), (0, 171), (86, 85), (186, 172), (283, 361), (294, 361), (92, 272), (201, 197), (33, 213), (0, 36), (351, 361), (229, 106), (125, 305), (0, 54), (200, 237), (66, 246), (45, 34), (324, 361), (37, 39), (0, 139), (7, 187), (202, 35), (40, 220), (286, 361), (0, 4), (0, 40), (343, 361), (20, 18), (165, 345), (237, 361), (14, 194), (303, 306), (106, 286), (166, 346), (47, 227), (297, 268), (344, 361), (285, 284), (337, 340), (242, 179), (189, 185), (172, 352), (306, 361), (60, 58), (199, 73), (311, 314), (85, 87), (336, 334), (38, 12), (0, 156), (147, 327), (226, 239), (61, 13), (0, 3), (270, 263), (218, 234), (220, 33), (292, 287), (133, 132), (173, 168), (22, 26), (145, 115), (88, 8), (0, 124), (0, 142), (288, 289), (240, 361), (114, 145), (21, 201), (113, 293), (0, 7), (308, 361), (319, 361), (129, 130), (13, 193), (0, 101), (259, 361), (281, 361), (225, 219), (355, 347), (0, 119), (0, 128), (122, 126), (28, 208), (276, 32), (317, 320), (346, 356), (120, 300), (266, 265), (221, 361), (99, 97), (347, 348), (328, 325), (153, 333), (271, 218), (2, 182), (94, 274), (183, 361), (339, 361), (224, 222), (0, 96), (35, 215), (0, 114), (0, 123), (57, 1), (357, 351), (203, 14), (302, 303), (354, 359), (36, 31), (198, 200), (258, 260), (273, 361), (139, 141), (268, 264), (260, 269), (330, 361), (0, 77), (73, 61), (0, 86), (305, 304), (0, 95), (272, 136), (9, 189), (197, 361), (356, 116), (335, 331), (195, 28), (128, 127), (265, 361), (301, 302), (161, 160), (75, 255), (0, 63), (39, 45), (34, 214), (0, 72), (322, 361), (0, 81), (216, 361), (345, 344), (245, 177), (108, 288), (67, 247), (124, 125), (246, 249), (284, 361), (338, 341), (8, 188), (68, 71), (100, 280), (209, 196), (168, 167), (82, 262), (98, 99), (23, 203), (360, 355), (54, 38), (74, 254), (154, 152), (208, 361), (15, 195), (342, 361), (353, 361), (16, 29), (213, 67), (164, 165), (130, 307), (17, 21), (48, 228), (30, 210), (327, 326), (134, 133), (0, 62), (290, 291), (257, 361), (174, 354), (55, 235), (187, 162), (171, 65), (127, 129), (235, 229), (109, 108), (148, 328), (348, 353), (238, 240), (79, 76), (298, 361), (219, 217), (0, 48), (0, 57), (104, 105), (175, 174), (243, 52), (244, 17), (267, 266), (156, 151), (176, 166), (5, 9), (0, 178), (167, 175), (300, 299), (160, 157), (0, 25), (193, 74), (0, 43), (279, 361), (274, 273), (123, 122), (293, 295), (227, 170), (326, 329), (230, 361), (188, 117), (325, 113), (0, 164), (70, 250), (318, 321), (121, 301), (250, 46), (62, 242), (119, 120), (44, 224), (0, 47), (3, 183), (222, 221), (95, 275), (282, 281), (152, 153), (144, 149), (1, 11), (93, 94), (96, 276), (18, 198), (307, 310), (192, 91), (277, 278), (89, 78), (159, 161), (0, 6), (10, 190), (0, 15), (278, 279), (0, 24), (102, 282), (162, 342), (211, 216), (43, 223), (56, 22), (135, 315), (76, 256), (136, 316), (77, 257), (350, 361), (169, 349), (340, 338), (251, 248), (352, 150), (51, 231), (312, 361), (314, 312), (155, 154), (158, 159)}


Total cost (distance) =  1734.149 km
Numero veicoli utilizzati =  55
Routes:  [[0, 158, 159, 161, 160, 157, 337, 340, 338, 341, 339, 361], [0, 5, 9, 189, 185, 104, 105, 285, 284, 361], [0, 23, 203, 14, 194, 163, 343, 361], [0, 144, 149, 146, 147, 327, 326, 329, 324, 361], [0, 103, 100, 280, 283, 361], [0, 98, 99, 97, 277, 278, 279, 361], [0, 107, 112, 111, 110, 109, 108, 288, 289, 292, 287, 290, 291, 361], [0, 75, 255, 49, 55, 235, 229, 106, 286, 361], [0, 84, 88, 8, 188, 117, 297, 268, 264, 361], [0, 93, 94, 274, 273, 361], [0, 70, 250, 46, 59, 226, 239, 361], [0, 56, 22, 26, 206, 202, 35, 215, 236, 361], [0, 92, 272, 136, 316, 361], [0, 51, 231, 118, 298, 361], [0, 69, 66, 246, 249, 169, 349, 361], [0, 37, 39, 45, 34, 214, 225, 219, 217, 361], [0, 64, 244, 17, 21, 201, 197, 361], [0, 176, 166, 346, 356, 116, 296, 361], [0, 41, 42, 44, 224, 222, 221, 361], [0, 50, 53, 233, 230, 361], [0, 68, 71, 251, 248, 79, 76, 256, 259, 361], [0, 171, 65, 245, 177, 357, 351, 361], [0, 36, 31, 211, 216, 361], [0, 54, 38, 12, 192, 91, 271, 218, 234, 361], [0, 139, 141, 138, 318, 321, 319, 361], [0, 4, 184, 16, 29, 30, 210, 209, 196, 361], [0, 40, 220, 33, 213, 67, 247, 361], [0, 156, 151, 155, 154, 152, 153, 333, 335, 331, 336, 334, 332, 361], [0, 3, 183, 361], [0, 124, 125, 305, 304, 361], [0, 142, 143, 140, 137, 317, 320, 323, 322, 361], [0, 7, 187, 162, 342, 361], [0, 101, 102, 282, 281, 361], [0, 119, 120, 300, 299, 361], [0, 128, 127, 129, 130, 307, 310, 309, 308, 361], [0, 96, 276, 32, 212, 361], [0, 114, 145, 115, 148, 328, 325, 113, 293, 295, 294, 361], [0, 123, 122, 126, 121, 301, 302, 303, 306, 361], [0, 77, 257, 361], [0, 86, 85, 87, 83, 2, 182, 90, 270, 263, 267, 266, 265, 361], [0, 95, 275, 134, 133, 132, 131, 135, 315, 313, 311, 314, 312, 361], [0, 63, 243, 52, 19, 232, 199, 73, 61, 13, 193, 74, 254, 241, 253, 361], [0, 72, 252, 80, 89, 78, 258, 260, 269, 361], [0, 81, 82, 262, 261, 361], [0, 62, 242, 179, 180, 173, 168, 167, 175, 174, 354, 359, 360, 355, 347, 348, 353, 361], [0, 48, 228, 361], [0, 57, 1, 11, 191, 181, 20, 18, 198, 200, 237, 361], [0, 178, 358, 10, 190, 361], [0, 25, 205, 60, 58, 238, 240, 361], [0, 43, 223, 361], [0, 164, 165, 345, 344, 361], [0, 47, 227, 170, 350, 361], [0, 6, 186, 172, 352, 150, 330, 361], [0, 15, 195, 28, 208, 361], [0, 24, 27, 207, 204, 361]]

Arrival times:
Route: [0, 158, 159, 161, 160, 157, 337, 340, 338, 341, 339, 361]
      Arrival time at node 0 = 0.0
      Arrival time at node 158 = 5.055
      Arrival time at node 159 = 6.796666666699999
      Arrival time at node 161 = 28.51833333329971
      Arrival time at node 160 = 30.0
      Arrival time at node 157 = 34.22999999999972
      Arrival time at node 337 = 55.61666666666667
      Arrival time at node 340 = 56.61666666666667
      Arrival time at node 338 = 57.61666666666667
      Arrival time at node 341 = 103.38166666669999
      Arrival time at node 339 = 104.3816666667
      Arrival time at node 361 = 120.0
Route: [0, 5, 9, 189, 185, 104, 105, 285, 284, 361]
      Arrival time at node 0 = 0.0
      Arrival time at node 5 = 14.790000000000411
      Arrival time at node 9 = 17.33000000000036
      Arrival time at node 189 = 23.118333333300004
      Arrival time at node 185 = 24.118333333300004
      Arrival time at node 104 = 30.0
      Arrival time at node 105 = 60.0
      Arrival time at node 285 = 105.005
      Arrival time at node 284 = 106.005
      Arrival time at node 361 = 120.0
Route: [0, 23, 203, 14, 194, 163, 343, 361]
      Arrival time at node 0 = 0.0
      Arrival time at node 23 = 5.868333333300259
      Arrival time at node 203 = 14.620000000000259
      Arrival time at node 14 = 20.013333333300093
      Arrival time at node 194 = 27.27500000000009
      Arrival time at node 163 = 30.0
      Arrival time at node 343 = 49.6899999999999
      Arrival time at node 361 = 65.3083333332999
Route: [0, 144, 149, 146, 147, 327, 326, 329, 324, 361]
      Arrival time at node 0 = 0.0
      Arrival time at node 144 = 30.0
      Arrival time at node 149 = 31.783333333333335
      Arrival time at node 146 = 34.7016666666
      Arrival time at node 147 = 36.81666666666667
      Arrival time at node 327 = 45.8883333333
      Arrival time at node 326 = 110.06833333329999
      Arrival time at node 329 = 111.0683333333
      Arrival time at node 324 = 112.0683333333
      Arrival time at node 361 = 120.0
Route: [0, 103, 100, 280, 283, 361]
      Arrival time at node 0 = 0.0
      Arrival time at node 103 = 55.785
      Arrival time at node 100 = 60.0
      Arrival time at node 280 = 74.9116666667
      Arrival time at node 283 = 75.9116666667
      Arrival time at node 361 = 89.9066666667
Route: [0, 98, 99, 97, 277, 278, 279, 361]
      Arrival time at node 0 = 0.0
      Arrival time at node 98 = 5.765000000000005
      Arrival time at node 99 = 30.0
      Arrival time at node 97 = 31.7866666667
      Arrival time at node 277 = 70.48833333329995
      Arrival time at node 278 = 71.48833333329995
      Arrival time at node 279 = 72.48833333329995
      Arrival time at node 361 = 86.48333333329995
Route: [0, 107, 112, 111, 110, 109, 108, 288, 289, 292, 287, 290, 291, 361]
      Arrival time at node 0 = 0.0
      Arrival time at node 107 = 12.63833333329999
      Arrival time at node 112 = 17.348333333299937
      Arrival time at node 111 = 30.0
      Arrival time at node 110 = 32.2133333333
      Arrival time at node 109 = 34.085
      Arrival time at node 108 = 37.32333333329998
      Arrival time at node 288 = 46.38166666659991
      Arrival time at node 289 = 47.38166666659991
      Arrival time at node 292 = 48.38166666659991
      Arrival time at node 287 = 49.38166666659991
      Arrival time at node 290 = 50.38166666659991
      Arrival time at node 291 = 51.38166666659991
      Arrival time at node 361 = 61.50166666659991
Route: [0, 75, 255, 49, 55, 235, 229, 106, 286, 361]
      Arrival time at node 0 = 0.0
      Arrival time at node 75 = 6.984999999999999
      Arrival time at node 255 = 11.186666666699999
      Arrival time at node 49 = 15.564999999999827
      Arrival time at node 55 = 20.354999999999826
      Arrival time at node 235 = 30.509999999999668
      Arrival time at node 229 = 31.509999999999668
      Arrival time at node 106 = 37.71666666666667
      Arrival time at node 286 = 108.88
      Arrival time at node 361 = 119.0
Route: [0, 84, 88, 8, 188, 117, 297, 268, 264, 361]
      Arrival time at node 0 = 0.0
      Arrival time at node 84 = 6.129999999999999
      Arrival time at node 88 = 30.0
      Arrival time at node 8 = 33.765
      Arrival time at node 188 = 40.501666666700004
      Arrival time at node 117 = 44.91
      Arrival time at node 297 = 54.95
      Arrival time at node 268 = 61.61666666666667
      Arrival time at node 264 = 62.61666666666667
      Arrival time at node 361 = 71.76833333336667
Route: [0, 93, 94, 274, 273, 361]
      Arrival time at node 0 = 0.0
      Arrival time at node 93 = 58.755
      Arrival time at node 94 = 60.0
      Arrival time at node 274 = 74.4883333333
      Arrival time at node 273 = 75.48833333329989
      Arrival time at node 361 = 89.4833333332999
Route: [0, 70, 250, 46, 59, 226, 239, 361]
      Arrival time at node 0 = 0.0
      Arrival time at node 70 = 30.0
      Arrival time at node 250 = 37.813333333299994
      Arrival time at node 46 = 55.354999999999805
      Arrival time at node 59 = 60.0
      Arrival time at node 226 = 66.30499999999981
      Arrival time at node 239 = 67.30499999999981
      Arrival time at node 361 = 76.30833333329981
Route: [0, 56, 22, 26, 206, 202, 35, 215, 236, 361]
      Arrival time at node 0 = 0.0
      Arrival time at node 56 = 30.0
      Arrival time at node 22 = 33.0383333333
      Arrival time at node 26 = 36.41333333329991
      Arrival time at node 206 = 43.88499999999991
      Arrival time at node 202 = 44.884999999999636
      Arrival time at node 35 = 49.6899999999995
      Arrival time at node 215 = 55.2866666666995
      Arrival time at node 236 = 60.62833333339894
      Arrival time at node 361 = 69.63166666669895
Route: [0, 92, 272, 136, 316, 361]
      Arrival time at node 0 = 0.0
      Arrival time at node 92 = 6.366666666666666
      Arrival time at node 272 = 19.64166666669998
      Arrival time at node 136 = 30.0
      Arrival time at node 316 = 49.776666666699995
      Arrival time at node 361 = 57.70833333339999
Route: [0, 51, 231, 118, 298, 361]
      Arrival time at node 0 = 0.0
      Arrival time at node 51 = 6.9533333333
      Arrival time at node 231 = 16.321666666600002
      Arrival time at node 118 = 30.0
      Arrival time at node 298 = 109.88
      Arrival time at node 361 = 120.0
Route: [0, 69, 66, 246, 249, 169, 349, 361]
      Arrival time at node 0 = 0.0
      Arrival time at node 69 = 8.9
      Arrival time at node 66 = 11.546666666699963
      Arrival time at node 246 = 18.153333333399964
      Arrival time at node 249 = 19.153333333399964
      Arrival time at node 169 = 25.258333333399968
      Arrival time at node 349 = 54.74499999999993
      Arrival time at node 361 = 78.16999999999993
Route: [0, 37, 39, 45, 34, 214, 225, 219, 217, 361]
      Arrival time at node 0 = 0.0
      Arrival time at node 37 = 9.365000000000002
      Arrival time at node 39 = 30.0
      Arrival time at node 45 = 34.5716666667
      Arrival time at node 34 = 41.893333333399994
      Arrival time at node 214 = 48.49166666669999
      Arrival time at node 225 = 49.49166666669999
      Arrival time at node 219 = 50.49166666669999
      Arrival time at node 217 = 51.49166666669999
      Arrival time at node 361 = 62.01499999999999
Route: [0, 64, 244, 17, 21, 201, 197, 361]
      Arrival time at node 0 = 0.0
      Arrival time at node 64 = 44.46666666666667
      Arrival time at node 244 = 51.2383333333
      Arrival time at node 17 = 55.733333333333334
      Arrival time at node 21 = 60.0
      Arrival time at node 201 = 66.6816666667
      Arrival time at node 197 = 67.6816666667
      Arrival time at node 361 = 75.77
Route: [0, 176, 166, 346, 356, 116, 296, 361]
      Arrival time at node 0 = 0.0
      Arrival time at node 176 = 15.515000000000207
      Arrival time at node 166 = 19.175000000000203
      Arrival time at node 346 = 44.60833333330008
      Arrival time at node 356 = 45.60833333330008
      Arrival time at node 116 = 60.0
      Arrival time at node 296 = 76.5616666667
      Arrival time at node 361 = 86.68166666670001
Route: [0, 41, 42, 44, 224, 222, 221, 361]
      Arrival time at node 0 = 0.0
      Arrival time at node 41 = 30.0
      Arrival time at node 42 = 32.37999999999998
      Arrival time at node 44 = 35.85833333329997
      Arrival time at node 224 = 107.4766666667
      Arrival time at node 222 = 108.4766666667
      Arrival time at node 221 = 109.4766666667
      Arrival time at node 361 = 120.0
Route: [0, 50, 53, 233, 230, 361]
      Arrival time at node 0 = 0.0
      Arrival time at node 50 = 55.995
      Arrival time at node 53 = 60.0
      Arrival time at node 233 = 68.18
      Arrival time at node 230 = 69.18
      Arrival time at node 361 = 78.18333333330001
Route: [0, 68, 71, 251, 248, 79, 76, 256, 259, 361]
      Arrival time at node 0 = 0.0
      Arrival time at node 68 = 30.0
      Arrival time at node 71 = 45.06000000000015
      Arrival time at node 251 = 53.09000000000015
      Arrival time at node 248 = 54.09000000000015
      Arrival time at node 79 = 55.5283333333
      Arrival time at node 76 = 60.0
      Arrival time at node 256 = 69.6516666667
      Arrival time at node 259 = 70.6516666667
      Arrival time at node 361 = 79.80333333339999
Route: [0, 171, 65, 245, 177, 357, 351, 361]
      Arrival time at node 0 = 0.0
      Arrival time at node 171 = 30.0
      Arrival time at node 65 = 32.71666666666667
      Arrival time at node 245 = 39.0133333333999
      Arrival time at node 177 = 44.156666666699934
      Arrival time at node 357 = 69.96999999999994
      Arrival time at node 351 = 70.96999999999994
      Arrival time at node 361 = 94.39499999999994
Route: [0, 36, 31, 211, 216, 361]
      Arrival time at node 0 = 0.0
      Arrival time at node 36 = 54.985
      Arrival time at node 31 = 60.0
      Arrival time at node 211 = 66.915
      Arrival time at node 216 = 67.915
      Arrival time at node 361 = 78.43833333330001
Route: [0, 54, 38, 12, 192, 91, 271, 218, 234, 361]
      Arrival time at node 0 = 0.0
      Arrival time at node 54 = 30.0
      Arrival time at node 38 = 36.57666666669998
      Arrival time at node 12 = 42.689999999999976
      Arrival time at node 192 = 56.759999999999906
      Arrival time at node 91 = 60.0
      Arrival time at node 271 = 71.845
      Arrival time at node 218 = 77.6016666667
      Arrival time at node 234 = 82.9433333334
      Arrival time at node 361 = 91.94666666670001
Route: [0, 139, 141, 138, 318, 321, 319, 361]
      Arrival time at node 0 = 0.0
      Arrival time at node 139 = 25.1233333333
      Arrival time at node 141 = 32.17
      Arrival time at node 138 = 60.0
      Arrival time at node 318 = 80.96666666666667
      Arrival time at node 321 = 81.96666666666667
      Arrival time at node 319 = 112.0683333333
      Arrival time at node 361 = 120.0
Route: [0, 4, 184, 16, 29, 30, 210, 209, 196, 361]
      Arrival time at node 0 = 0.0
      Arrival time at node 4 = 10.99666666670021
      Arrival time at node 184 = 18.15666666670021
      Arrival time at node 16 = 23.61166666670021
      Arrival time at node 29 = 30.0
      Arrival time at node 30 = 60.0
      Arrival time at node 210 = 109.9116666667005
      Arrival time at node 209 = 110.91166666670036
      Arrival time at node 196 = 111.91166666669999
      Arrival time at node 361 = 119.99999999999999
Route: [0, 40, 220, 33, 213, 67, 247, 361]
      Arrival time at node 0 = 0.0
      Arrival time at node 40 = 9.8066666667
      Arrival time at node 220 = 22.871666666699998
      Arrival time at node 33 = 30.0
      Arrival time at node 213 = 37.4633333333
      Arrival time at node 67 = 60.0
      Arrival time at node 247 = 67.6216666667
      Arrival time at node 361 = 75.05333333339999
Route: [0, 156, 151, 155, 154, 152, 153, 333, 335, 331, 336, 334, 332, 361]
      Arrival time at node 0 = 0.0
      Arrival time at node 156 = 7.1266666667
      Arrival time at node 151 = 23.666666666666668
      Arrival time at node 155 = 30.0
      Arrival time at node 154 = 31.843333333300002
      Arrival time at node 152 = 34.7583333333
      Arrival time at node 153 = 38.1116666666
      Arrival time at node 333 = 72.13333333333334
      Arrival time at node 335 = 73.13333333333334
      Arrival time at node 331 = 74.13333333333334
      Arrival time at node 336 = 75.13333333333334
      Arrival time at node 334 = 76.13333333333334
      Arrival time at node 332 = 77.13333333333334
      Arrival time at node 361 = 92.75166666663334
Route: [0, 3, 183, 361]
      Arrival time at node 0 = 0.0
      Arrival time at node 3 = 60.0
      Arrival time at node 183 = 114.3883333333
      Arrival time at node 361 = 120.0
Route: [0, 124, 125, 305, 304, 361]
      Arrival time at node 0 = 0.0
      Arrival time at node 124 = 57.3
      Arrival time at node 125 = 60.0
      Arrival time at node 305 = 89.42
      Arrival time at node 304 = 90.42
      Arrival time at node 361 = 115.3033333333
Route: [0, 142, 143, 140, 137, 317, 320, 323, 322, 361]
      Arrival time at node 0 = 0.0
      Arrival time at node 142 = 24.95
      Arrival time at node 143 = 30.0
      Arrival time at node 140 = 35.80500000000001
      Arrival time at node 137 = 38.741666666700006
      Arrival time at node 317 = 60.47499999999999
      Arrival time at node 320 = 61.47499999999999
      Arrival time at node 323 = 62.47499999999999
      Arrival time at node 322 = 63.47499999999999
      Arrival time at node 361 = 71.40666666669999
Route: [0, 7, 187, 162, 342, 361]
      Arrival time at node 0 = 0.0
      Arrival time at node 7 = 30.0
      Arrival time at node 187 = 57.614999999999995
      Arrival time at node 162 = 60.0
      Arrival time at node 342 = 104.3816666667
      Arrival time at node 361 = 120.0
Route: [0, 101, 102, 282, 281, 361]
      Arrival time at node 0 = 0.0
      Arrival time at node 101 = 5.661666666699997
      Arrival time at node 102 = 30.0
      Arrival time at node 282 = 46.68166666669997
      Arrival time at node 281 = 47.68166666669997
      Arrival time at node 361 = 61.676666666699965
Route: [0, 119, 120, 300, 299, 361]
      Arrival time at node 0 = 0.0
      Arrival time at node 119 = 30.0
      Arrival time at node 120 = 62.37333333330001
      Arrival time at node 300 = 93.83833333330001
      Arrival time at node 299 = 95.83833333330006
      Arrival time at node 361 = 105.95833333330006
Route: [0, 128, 127, 129, 130, 307, 310, 309, 308, 361]
      Arrival time at node 0 = 0.0
      Arrival time at node 128 = 30.0
      Arrival time at node 127 = 32.1416666667
      Arrival time at node 129 = 33.925
      Arrival time at node 130 = 60.0
      Arrival time at node 307 = 70.065
      Arrival time at node 310 = 71.06499999999987
      Arrival time at node 309 = 72.06499999999977
      Arrival time at node 308 = 73.0649999999996
      Arrival time at node 361 = 97.9483333332996
Route: [0, 96, 276, 32, 212, 361]
      Arrival time at node 0 = 0.0
      Arrival time at node 96 = 30.0
      Arrival time at node 276 = 44.24833333329998
      Arrival time at node 32 = 46.80666666659998
      Arrival time at node 212 = 53.29499999989998
      Arrival time at node 361 = 63.81833333319998
Route: [0, 114, 145, 115, 148, 328, 325, 113, 293, 295, 294, 361]
      Arrival time at node 0 = 0.0
      Arrival time at node 114 = 12.494999999999983
      Arrival time at node 145 = 14.643333333299985
      Arrival time at node 115 = 16.881666666599983
      Arrival time at node 148 = 30.0
      Arrival time at node 328 = 40.1116666667
      Arrival time at node 325 = 56.186666666700006
      Arrival time at node 113 = 60.0
      Arrival time at node 293 = 107.88
      Arrival time at node 295 = 108.88
      Arrival time at node 294 = 109.88
      Arrival time at node 361 = 120.0
Route: [0, 123, 122, 126, 121, 301, 302, 303, 306, 361]
      Arrival time at node 0 = 0.0
      Arrival time at node 123 = 22.00166666669988
      Arrival time at node 122 = 23.173333333399817
      Arrival time at node 126 = 26.438333333399818
      Arrival time at node 121 = 29.860000000099816
      Arrival time at node 301 = 60.03500000009973
      Arrival time at node 302 = 61.035000000099515
      Arrival time at node 303 = 62.035000000099345
      Arrival time at node 306 = 63.03500000009922
      Arrival time at node 361 = 87.91833333339922
Route: [0, 77, 257, 361]
      Arrival time at node 0 = 0.0
      Arrival time at node 77 = 60.0
      Arrival time at node 257 = 69.4033333333
      Arrival time at node 361 = 78.55499999999999
Route: [0, 86, 85, 87, 83, 2, 182, 90, 270, 263, 267, 266, 265, 361]
      Arrival time at node 0 = 0.0
      Arrival time at node 86 = 4.665
      Arrival time at node 85 = 30.0
      Arrival time at node 87 = 32.916666666666664
      Arrival time at node 83 = 36.709999999999965
      Arrival time at node 2 = 41.60833333329977
      Arrival time at node 182 = 56.5883333333
      Arrival time at node 90 = 60.0
      Arrival time at node 270 = 68.5966666667
      Arrival time at node 263 = 69.5966666667
      Arrival time at node 267 = 70.5966666667
      Arrival time at node 266 = 109.84833333330019
      Arrival time at node 265 = 110.84833333330019
      Arrival time at node 361 = 120.00000000000018
Route: [0, 95, 275, 134, 133, 132, 131, 135, 315, 313, 311, 314, 312, 361]
      Arrival time at node 0 = 0.0
      Arrival time at node 95 = 8.2
      Arrival time at node 275 = 21.818333333299993
      Arrival time at node 134 = 30.0
      Arrival time at node 133 = 53.324999999999996
      Arrival time at node 132 = 56.18333333333333
      Arrival time at node 131 = 57.373333333299996
      Arrival time at node 135 = 60.0
      Arrival time at node 315 = 84.54666666669999
      Arrival time at node 313 = 85.54666666669999
      Arrival time at node 311 = 86.54666666669999
      Arrival time at node 314 = 87.54666666669999
      Arrival time at node 312 = 88.54666666669999
      Arrival time at node 361 = 113.42999999999999
Route: [0, 63, 243, 52, 19, 232, 199, 73, 61, 13, 193, 74, 254, 241, 253, 361]
      Arrival time at node 0 = 0.0
      Arrival time at node 63 = 6.705000000000155
      Arrival time at node 243 = 13.701666666700156
      Arrival time at node 52 = 25.451666666699996
      Arrival time at node 19 = 30.0
      Arrival time at node 232 = 45.19333333340049
      Arrival time at node 199 = 49.461666666700495
      Arrival time at node 73 = 54.515
      Arrival time at node 61 = 60.0
      Arrival time at node 13 = 63.405000000000015
      Arrival time at node 193 = 71.35500000000002
      Arrival time at node 74 = 90.0
      Arrival time at node 254 = 110.56833333330003
      Arrival time at node 241 = 111.56833333330002
      Arrival time at node 253 = 112.5683333333
      Arrival time at node 361 = 120.0
Route: [0, 72, 252, 80, 89, 78, 258, 260, 269, 361]
      Arrival time at node 0 = 0.0
      Arrival time at node 72 = 5.374999999999989
      Arrival time at node 252 = 11.784999999999897
      Arrival time at node 80 = 15.10666666669988
      Arrival time at node 89 = 20.374999999999712
      Arrival time at node 78 = 26.021666666699712
      Arrival time at node 258 = 36.35166666669943
      Arrival time at node 260 = 109.8483333333
      Arrival time at node 269 = 110.8483333333
      Arrival time at node 361 = 120.0
Route: [0, 81, 82, 262, 261, 361]
      Arrival time at node 0 = 0.0
      Arrival time at node 81 = 30.0
      Arrival time at node 82 = 31.51
      Arrival time at node 262 = 42.075
      Arrival time at node 261 = 110.8483333333
      Arrival time at node 361 = 120.0
Route: [0, 62, 242, 179, 180, 173, 168, 167, 175, 174, 354, 359, 360, 355, 347, 348, 353, 361]
      Arrival time at node 0 = 0.0
      Arrival time at node 62 = 30.0099999999005
      Arrival time at node 242 = 37.8449999999005
      Arrival time at node 179 = 41.10833333320037
      Arrival time at node 180 = 43.6949999999
      Arrival time at node 173 = 49.2216666666
      Arrival time at node 168 = 54.79666666660001
      Arrival time at node 167 = 55.796666666600004
      Arrival time at node 175 = 58.1883333333
      Arrival time at node 174 = 60.0
      Arrival time at node 354 = 90.57500000000154
      Arrival time at node 359 = 91.57500000000056
      Arrival time at node 360 = 92.57500000000056
      Arrival time at node 355 = 93.57500000000054
      Arrival time at node 347 = 94.57500000000053
      Arrival time at node 348 = 95.5750000000002
      Arrival time at node 353 = 96.5750000000002
      Arrival time at node 361 = 120.0000000000002
Route: [0, 48, 228, 361]
      Arrival time at node 0 = 0.0
      Arrival time at node 48 = 30.0
      Arrival time at node 228 = 39.34833333329999
      Arrival time at node 361 = 48.35166666659999
Route: [0, 57, 1, 11, 191, 181, 20, 18, 198, 200, 237, 361]
      Arrival time at node 0 = 0.0
      Arrival time at node 57 = 9.3116666667
      Arrival time at node 1 = 23.961666666699994
      Arrival time at node 11 = 30.0
      Arrival time at node 191 = 39.1133333333
      Arrival time at node 181 = 40.1133333333
      Arrival time at node 20 = 54.3816666667
      Arrival time at node 18 = 60.0
      Arrival time at node 198 = 69.6216666667
      Arrival time at node 200 = 70.6216666667
      Arrival time at node 237 = 110.9966666667
      Arrival time at node 361 = 120.0
Route: [0, 178, 358, 10, 190, 361]
      Arrival time at node 0 = 0.0
      Arrival time at node 178 = 6.146666666699957
      Arrival time at node 358 = 31.856666666699837
      Arrival time at node 10 = 60.0
      Arrival time at node 190 = 114.3883333333
      Arrival time at node 361 = 120.0
Route: [0, 25, 205, 60, 58, 238, 240, 361]
      Arrival time at node 0 = 0.0
      Arrival time at node 25 = 11.108333333299981
      Arrival time at node 205 = 18.98499999999998
      Arrival time at node 60 = 25.583333333333332
      Arrival time at node 58 = 30.0
      Arrival time at node 238 = 38.601666666699984
      Arrival time at node 240 = 65.30499999999999
      Arrival time at node 361 = 74.3083333333
Route: [0, 43, 223, 361]
      Arrival time at node 0 = 0.0
      Arrival time at node 43 = 30.0
      Arrival time at node 223 = 109.4766666667
      Arrival time at node 361 = 120.0
Route: [0, 164, 165, 345, 344, 361]
      Arrival time at node 0 = 0.0
      Arrival time at node 164 = 33.751666666699954
      Arrival time at node 165 = 60.0
      Arrival time at node 345 = 79.65166666669998
      Arrival time at node 344 = 80.65166666669998
      Arrival time at node 361 = 96.26999999999998
Route: [0, 47, 227, 170, 350, 361]
      Arrival time at node 0 = 0.0
      Arrival time at node 47 = 30.0
      Arrival time at node 227 = 51.75499999999964
      Arrival time at node 170 = 60.0
      Arrival time at node 350 = 85.23499999999964
      Arrival time at node 361 = 108.65999999999964
Route: [0, 6, 186, 172, 352, 150, 330, 361]
      Arrival time at node 0 = 0.0
      Arrival time at node 6 = 13.495000000000303
      Arrival time at node 186 = 18.970000000000304
      Arrival time at node 172 = 24.61
      Arrival time at node 352 = 48.815
      Arrival time at node 150 = 60.0
      Arrival time at node 330 = 74.9916666667
      Arrival time at node 361 = 82.9233333334
Route: [0, 15, 195, 28, 208, 361]
      Arrival time at node 0 = 0.0
      Arrival time at node 15 = 5.9
      Arrival time at node 195 = 26.95333333330001
      Arrival time at node 28 = 30.0
      Arrival time at node 208 = 37.606666666699766
      Arrival time at node 361 = 45.694999999999766
Route: [0, 24, 27, 207, 204, 361]
      Arrival time at node 0 = 0.0
      Arrival time at node 24 = 30.0
      Arrival time at node 27 = 60.0
      Arrival time at node 207 = 66.92333333329998
      Arrival time at node 204 = 67.9233333333
      Arrival time at node 361 = 76.0116666666

Ride times:
Route: [0, 158, 159, 161, 160, 157, 337, 340, 338, 341, 339, 361]
      Ride time client 158 = 51.56166666666667
      Ride time client 159 = 96.585
      Ride time client 161 = 73.86333333340028
      Ride time client 160 = 25.616666666666667
      Ride time client 157 = 20.386666666666947
Route: [0, 5, 9, 189, 185, 104, 105, 285, 284, 361]
      Ride time client 5 = 8.328333333299593
      Ride time client 9 = 4.788333333299644
      Ride time client 104 = 75.005
      Ride time client 105 = 44.004999999999995
Route: [0, 23, 203, 14, 194, 163, 343, 361]
      Ride time client 23 = 7.751666666699999
      Ride time client 14 = 6.261666666699998
      Ride time client 163 = 18.6899999999999
Route: [0, 144, 149, 146, 147, 327, 326, 329, 324, 361]
      Ride time client 144 = 81.0683333333
      Ride time client 149 = 78.28499999996667
      Ride time client 146 = 74.36666666669998
      Ride time client 147 = 8.071666666633327
Route: [0, 103, 100, 280, 283, 361]
      Ride time client 103 = 19.126666666700004
      Ride time client 100 = 13.9116666667
Route: [0, 98, 99, 97, 277, 278, 279, 361]
      Ride time client 98 = 64.72333333329995
      Ride time client 99 = 41.48833333329995
      Ride time client 97 = 37.70166666659995
Route: [0, 107, 112, 111, 110, 109, 108, 288, 289, 292, 287, 290, 291, 361]
      Ride time client 107 = 35.74333333329992
      Ride time client 112 = 30.033333333299975
      Ride time client 111 = 20.381666666599912
      Ride time client 110 = 17.168333333299913
      Ride time client 109 = 12.296666666599911
      Ride time client 108 = 8.058333333299935
Route: [0, 75, 255, 49, 55, 235, 229, 106, 286, 361]
      Ride time client 75 = 3.2016666666999996
      Ride time client 49 = 14.94499999999984
      Ride time client 55 = 9.154999999999841
      Ride time client 106 = 70.16333333333333
Route: [0, 84, 88, 8, 188, 117, 297, 268, 264, 361]
      Ride time client 84 = 55.486666666666665
      Ride time client 88 = 30.616666666666667
      Ride time client 8 = 5.736666666700003
      Ride time client 117 = 9.040000000000006
Route: [0, 93, 94, 274, 273, 361]
      Ride time client 93 = 15.733333333299889
      Ride time client 94 = 13.488333333300005
Route: [0, 70, 250, 46, 59, 226, 239, 361]
      Ride time client 70 = 6.813333333299994
      Ride time client 46 = 9.950000000000003
      Ride time client 59 = 6.304999999999808
Route: [0, 56, 22, 26, 206, 202, 35, 215, 236, 361]
      Ride time client 56 = 29.628333333398942
      Ride time client 22 = 10.846666666699633
      Ride time client 26 = 6.471666666700003
      Ride time client 35 = 4.596666666700003
Route: [0, 92, 272, 136, 316, 361]
      Ride time client 92 = 12.275000000033312
      Ride time client 136 = 18.776666666699995
Route: [0, 51, 231, 118, 298, 361]
      Ride time client 51 = 8.368333333300003
      Ride time client 118 = 78.88
Route: [0, 69, 66, 246, 249, 169, 349, 361]
      Ride time client 69 = 9.253333333399963
      Ride time client 66 = 5.606666666700001
      Ride time client 169 = 28.486666666599966
Route: [0, 37, 39, 45, 34, 214, 225, 219, 217, 361]
      Ride time client 37 = 41.12666666669999
      Ride time client 39 = 19.49166666669999
      Ride time client 45 = 13.919999999999995
      Ride time client 34 = 5.598333333299998
Route: [0, 64, 244, 17, 21, 201, 197, 361]
      Ride time client 64 = 5.77166666663333
      Ride time client 17 = 10.948333333366662
      Ride time client 21 = 5.681666666699996
Route: [0, 176, 166, 346, 356, 116, 296, 361]
      Ride time client 176 = 29.093333333299874
      Ride time client 166 = 24.433333333299878
      Ride time client 116 = 15.561666666700006
Route: [0, 41, 42, 44, 224, 222, 221, 361]
      Ride time client 41 = 78.4766666667
      Ride time client 42 = 75.09666666670002
      Ride time client 44 = 70.61833333340003
Route: [0, 50, 53, 233, 230, 361]
      Ride time client 50 = 12.18500000000001
      Ride time client 53 = 7.180000000000007
Route: [0, 68, 71, 251, 248, 79, 76, 256, 259, 361]
      Ride time client 68 = 23.090000000000153
      Ride time client 71 = 7.030000000000001
      Ride time client 79 = 14.123333333399998
      Ride time client 76 = 8.651666666699995
Route: [0, 171, 65, 245, 177, 357, 351, 361]
      Ride time client 171 = 39.96999999999994
      Ride time client 65 = 5.2966666667332305
      Ride time client 177 = 24.813333333300008
Route: [0, 36, 31, 211, 216, 361]
      Ride time client 36 = 11.930000000000007
      Ride time client 31 = 5.915000000000006
Route: [0, 54, 38, 12, 192, 91, 271, 218, 234, 361]
      Ride time client 54 = 51.943333333400005
      Ride time client 38 = 40.02500000000002
      Ride time client 12 = 13.06999999999993
      Ride time client 91 = 10.844999999999999
Route: [0, 139, 141, 138, 318, 321, 319, 361]
      Ride time client 139 = 85.94500000000001
      Ride time client 141 = 48.79666666666667
      Ride time client 138 = 19.96666666666667
Route: [0, 4, 184, 16, 29, 30, 210, 209, 196, 361]
      Ride time client 4 = 6.16
      Ride time client 16 = 87.29999999999978
      Ride time client 29 = 79.91166666670036
      Ride time client 30 = 48.9116666667005
Route: [0, 40, 220, 33, 213, 67, 247, 361]
      Ride time client 40 = 12.064999999999998
      Ride time client 33 = 6.4633333333
      Ride time client 67 = 6.621666666699994
Route: [0, 156, 151, 155, 154, 152, 153, 333, 335, 331, 336, 334, 332, 361]
      Ride time client 156 = 67.00666666663334
      Ride time client 151 = 49.46666666666667
      Ride time client 155 = 42.13333333333334
      Ride time client 154 = 43.29000000003334
      Ride time client 152 = 41.37500000003334
      Ride time client 153 = 33.02166666673334
Route: [0, 3, 183, 361]
      Ride time client 3 = 53.3883333333
Route: [0, 124, 125, 305, 304, 361]
      Ride time client 124 = 32.120000000000005
      Ride time client 125 = 28.42
Route: [0, 142, 143, 140, 137, 317, 320, 323, 322, 361]
      Ride time client 142 = 37.52499999999999
      Ride time client 143 = 31.474999999999987
      Ride time client 140 = 24.66999999999998
      Ride time client 137 = 20.73333333329998
Route: [0, 7, 187, 162, 342, 361]
      Ride time client 7 = 26.614999999999995
      Ride time client 162 = 43.3816666667
Route: [0, 101, 102, 282, 281, 361]
      Ride time client 101 = 41.01999999999997
      Ride time client 102 = 15.681666666699968
Route: [0, 119, 120, 300, 299, 361]
      Ride time client 119 = 64.83833333330006
      Ride time client 120 = 30.465000000000003
Route: [0, 128, 127, 129, 130, 307, 310, 309, 308, 361]
      Ride time client 128 = 42.0649999999996
      Ride time client 127 = 36.9233333333
      Ride time client 129 = 37.13999999999977
      Ride time client 130 = 10.06499999999987
Route: [0, 96, 276, 32, 212, 361]
      Ride time client 96 = 13.248333333299982
      Ride time client 32 = 5.488333333299998
Route: [0, 114, 145, 115, 148, 328, 325, 113, 293, 295, 294, 361]
      Ride time client 114 = 96.38500000000002
      Ride time client 145 = 40.54333333340002
      Ride time client 115 = 90.99833333340001
      Ride time client 148 = 9.111666666700003
      Ride time client 113 = 46.879999999999995
Route: [0, 123, 122, 126, 121, 301, 302, 303, 306, 361]
      Ride time client 123 = 39.03333333339947
      Ride time client 122 = 36.8616666666997
      Ride time client 126 = 35.5966666666994
      Ride time client 121 = 29.174999999999912
Route: [0, 77, 257, 361]
      Ride time client 77 = 8.403333333299997
Route: [0, 86, 85, 87, 83, 2, 182, 90, 270, 263, 267, 266, 265, 361]
      Ride time client 86 = 104.18333333330018
      Ride time client 85 = 79.84833333330019
      Ride time client 87 = 36.68000000003334
      Ride time client 83 = 31.886666666700037
      Ride time client 2 = 13.980000000000231
      Ride time client 90 = 7.596666666700003
Route: [0, 95, 275, 134, 133, 132, 131, 135, 315, 313, 311, 314, 312, 361]
      Ride time client 95 = 12.618333333299994
      Ride time client 134 = 56.54666666669999
      Ride time client 133 = 31.221666666699996
      Ride time client 132 = 31.36333333336666
      Ride time client 131 = 28.173333333399995
      Ride time client 135 = 23.54666666669999
Route: [0, 63, 243, 52, 19, 232, 199, 73, 61, 13, 193, 74, 254, 241, 253, 361]
      Ride time client 63 = 5.996666666700001
      Ride time client 52 = 18.741666666700493
      Ride time client 19 = 18.461666666700495
      Ride time client 73 = 57.0533333333
      Ride time client 61 = 50.56833333330002
      Ride time client 13 = 6.950000000000003
      Ride time client 74 = 19.568333333300032
Route: [0, 72, 252, 80, 89, 78, 258, 260, 269, 361]
      Ride time client 72 = 5.409999999999908
      Ride time client 80 = 93.74166666660012
      Ride time client 89 = 89.47333333330029
      Ride time client 78 = 9.329999999999718
Route: [0, 81, 82, 262, 261, 361]
      Ride time client 81 = 79.8483333333
      Ride time client 82 = 9.564999999999998
Route: [0, 62, 242, 179, 180, 173, 168, 167, 175, 174, 354, 359, 360, 355, 347, 348, 353, 361]
      Ride time client 62 = 6.835000000000001
      Ride time client 179 = 49.46666666680019
      Ride time client 180 = 47.88000000010056
      Ride time client 173 = 46.3533333334002
      Ride time client 168 = 39.77833333340019
      Ride time client 167 = 37.778333333400525
      Ride time client 175 = 34.38666666670054
      Ride time client 174 = 29.575000000001538
Route: [0, 48, 228, 361]
      Ride time client 48 = 8.34833333329999
Route: [0, 57, 1, 11, 191, 181, 20, 18, 198, 200, 237, 361]
      Ride time client 57 = 100.68499999999999
      Ride time client 1 = 15.151666666600004
      Ride time client 11 = 8.113333333299998
      Ride time client 20 = 15.239999999999995
      Ride time client 18 = 8.621666666699994
Route: [0, 178, 358, 10, 190, 361]
      Ride time client 178 = 24.70999999999988
      Ride time client 10 = 53.3883333333
Route: [0, 25, 205, 60, 58, 238, 240, 361]
      Ride time client 25 = 6.8766666667
      Ride time client 60 = 38.721666666666664
      Ride time client 58 = 7.601666666699984
Route: [0, 43, 223, 361]
      Ride time client 43 = 78.4766666667
Route: [0, 164, 165, 345, 344, 361]
      Ride time client 164 = 45.90000000000003
      Ride time client 165 = 18.65166666669998
Route: [0, 47, 227, 170, 350, 361]
      Ride time client 47 = 20.75499999999964
      Ride time client 170 = 24.234999999999644
Route: [0, 6, 186, 172, 352, 150, 330, 361]
      Ride time client 6 = 4.475000000000001
      Ride time client 172 = 23.205
      Ride time client 150 = 13.991666666699999
Route: [0, 15, 195, 28, 208, 361]
      Ride time client 15 = 20.05333333330001
      Ride time client 28 = 6.606666666699766
Route: [0, 24, 27, 207, 204, 361]
      Ride time client 24 = 36.92333333329999
      Ride time client 27 = 5.923333333299979

Route distances:
Route [0, 158, 159, 161, 160, 157, 337, 340, 338, 341, 339, 361]
Route distance = 36.626 km
Route [0, 5, 9, 189, 185, 104, 105, 285, 284, 361]
Route distance = 26.543 km
Route [0, 23, 203, 14, 194, 163, 343, 361]
Route distance = 42.305 km
Route [0, 144, 149, 146, 147, 327, 326, 329, 324, 361]
Route distance = 23.524 km
Route [0, 103, 100, 280, 283, 361]
Route distance = 24.259 km
Route [0, 98, 99, 97, 277, 278, 279, 361]
Route distance = 22.066 km
Route [0, 107, 112, 111, 110, 109, 108, 288, 289, 292, 287, 290, 291, 361]
Route distance = 21.084 km
Route [0, 75, 255, 49, 55, 235, 229, 106, 286, 361]
Route distance = 27.6 km
Route [0, 84, 88, 8, 188, 117, 297, 268, 264, 361]
Route distance = 23.356 km
Route [0, 93, 94, 274, 273, 361]
Route distance = 23.205 km
Route [0, 70, 250, 46, 59, 226, 239, 361]
Route distance = 21.938 km
Route [0, 56, 22, 26, 206, 202, 35, 215, 236, 361]
Route distance = 23.407 km
Route [0, 92, 272, 136, 316, 361]
Route distance = 36.175 km
Route [0, 51, 231, 118, 298, 361]
Route distance = 21.7 km
Route [0, 69, 66, 246, 249, 169, 349, 361]
Route distance = 52.648 km
Route [0, 37, 39, 45, 34, 214, 225, 219, 217, 361]
Route distance = 22.384 km
Route [0, 64, 244, 17, 21, 201, 197, 361]
Route distance = 19.04 km
Route [0, 176, 166, 346, 356, 116, 296, 361]
Route distance = 49.747 km
Route [0, 41, 42, 44, 224, 222, 221, 361]
Route distance = 20.954 km
Route [0, 50, 53, 233, 230, 361]
Route distance = 16.699 km
Route [0, 68, 71, 251, 248, 79, 76, 256, 259, 361]
Route distance = 20.182 km
Route [0, 171, 65, 245, 177, 357, 351, 361]
Route distance = 51.635 km
Route [0, 36, 31, 211, 216, 361]
Route distance = 17.496 km
Route [0, 54, 38, 12, 192, 91, 271, 218, 234, 361]
Route distance = 34.841 km
Route [0, 139, 141, 138, 318, 321, 319, 361]
Route distance = 52.628 km
Route [0, 4, 184, 16, 29, 30, 210, 209, 196, 361]
Route distance = 21.331 km
Route [0, 40, 220, 33, 213, 67, 247, 361]
Route distance = 30.386 km
Route [0, 156, 151, 155, 154, 152, 153, 333, 335, 331, 336, 334, 332, 361]
Route distance = 64.993 km
Route [0, 3, 183, 361]
Route distance = 11.691 km
Route [0, 124, 125, 305, 304, 361]
Route distance = 56.45 km
Route [0, 142, 143, 140, 137, 317, 320, 323, 322, 361]
Route distance = 55.783 km
Route [0, 7, 187, 162, 342, 361]
Route distance = 37.702 km
Route [0, 101, 102, 282, 281, 361]
Route distance = 23.64 km
Route [0, 119, 120, 300, 299, 361]
Route distance = 39.709 km
Route [0, 128, 127, 129, 130, 307, 310, 309, 308, 361]
Route distance = 40.17 km
Route [0, 96, 276, 32, 212, 361]
Route distance = 22.784 km
Route [0, 114, 145, 115, 148, 328, 325, 113, 293, 295, 294, 361]
Route distance = 31.255 km
Route [0, 123, 122, 126, 121, 301, 302, 303, 306, 361]
Route distance = 54.139 km
Route [0, 77, 257, 361]
Route distance = 13.315 km
Route [0, 86, 85, 87, 83, 2, 182, 90, 270, 263, 267, 266, 265, 361]
Route distance = 24.996 km
Route [0, 95, 275, 134, 133, 132, 131, 135, 315, 313, 311, 314, 312, 361]
Route distance = 52.498 km
Route [0, 63, 243, 52, 19, 232, 199, 73, 61, 13, 193, 74, 254, 241, 253, 361]
Route distance = 31.879 km
Route [0, 72, 252, 80, 89, 78, 258, 260, 269, 361]
Route distance = 21.461 km
Route [0, 81, 82, 262, 261, 361]
Route distance = 13.903 km
Route [0, 62, 242, 179, 180, 173, 168, 167, 175, 174, 354, 359, 360, 355, 347, 348, 353, 361]
Route distance = 54.589 km
Route [0, 48, 228, 361]
Route distance = 16.381 km
Route [0, 57, 1, 11, 191, 181, 20, 18, 198, 200, 237, 361]
Route distance = 29.541 km
Route [0, 178, 358, 10, 190, 361]
Route distance = 49.772 km
Route [0, 25, 205, 60, 58, 238, 240, 361]
Route distance = 21.342 km
Route [0, 43, 223, 361]
Route distance = 19.182 km
Route [0, 164, 165, 345, 344, 361]
Route distance = 31.109 km
Route [0, 47, 227, 170, 350, 361]
Route distance = 54.388 km
Route [0, 6, 186, 172, 352, 150, 330, 361]
Route distance = 49.938 km
Route [0, 15, 195, 28, 208, 361]
Route distance = 16.424 km
Route [0, 24, 27, 207, 204, 361]
Route distance = 11.357 km
TOTAL DISTANCE = 1734.1493999999998

Process finished with exit code 0
